###############################################################
snapshot: -1 
type:     linear 
num_bp:   100 
sequence: aaaaaaaaaaaaaaaaaaaaaaaaaaaaaaaaaaaaaaaaaaaaaaaaaaaaaaaaaaaaaaaaaaaaaaaaaaaaaaaaaaaaaaaaaaaaaaaaaaaa 
dLK:      0 
0 0 0 
-0.21706201476375 -0.19896697178982 -0.1699888992949 
-0.44902664347195 -0.34761763708311 -0.36922592079474 
-0.70534165833704 -0.45029316837236 -0.56762034720127 
-0.96419292832119 -0.57779184320908 -0.74745390342054 
-1.2222633096072 -0.72206299167842 -0.91533932274639 
-1.4968906682004 -0.86581848221981 -1.0550324609148 
-1.7637460704072 -0.98123917942378 -1.2312886862517 
-2.0214958703489 -1.0866017933952 -1.4263880460843 
-2.2391569614002 -1.2096026910704 -1.6568103293241 
-2.4451225270745 -1.2820079393625 -1.9174550410991 
-2.6188325404759 -1.3360378687399 -2.2046929180853 
-2.7281762948036 -1.3964153675032 -2.5209183140177 
-2.7952574104483 -1.4272078616504 -2.852809781561 
-2.8886351086246 -1.4545910383836 -3.1785869555854 
-2.9906558001874 -1.4291570003617 -3.5019209751424 
-3.0942677459951 -1.4056850671267 -3.8248971863967 
-3.1900633979555 -1.4006081780292 -4.1510833575667 
-3.2671712018914 -1.3922835404305 -4.4821197407349 
-3.3717476156235 -1.4079118889505 -4.8052598472111 
-3.4793947682862 -1.4357502258253 -5.1265651810038 
-3.588848634657 -1.4475741863826 -5.4482483249408 
-3.7184037259535 -1.4954273734626 -5.7589339390356 
-3.843907275457 -1.5039988060356 -6.0748063651916 
-3.9703241185175 -1.5233634358611 -6.389836193783 
-4.0512088376681 -1.5550814847012 -6.7185482677713 
-4.1199125177192 -1.6207952347099 -7.0449858688641 
-4.1324893225177 -1.6617998895969 -7.3822697882239 
-4.1288686038349 -1.6700494032448 -7.7221504083257 
-4.0500079317801 -1.6131905794832 -8.0479541353816 
-3.9216348288057 -1.5906857414751 -8.3619826033569 
-3.8332119124382 -1.5760917298647 -8.6899588261021 
-3.7259550151076 -1.4992660723449 -9.0033176879868 
-3.628688571185 -1.4268209330473 -9.3209510311339 
-3.5463569107909 -1.3463010951639 -9.6408542249347 
-3.4295306301441 -1.2351086995044 -9.9401665556158 
-3.2734130645666 -1.1218098415319 -10.220149902442 
-3.0855376907885 -1.0241991760887 -10.486185617939 
-2.8776317168153 -0.86693643037203 -10.704459608134 
-2.6732672601923 -0.74764381445278 -10.948599815098 
-2.4509922813058 -0.64661703157595 -11.185216430961 
-2.2211594899615 -0.56538545037113 -11.422236088875 
-1.9781539107419 -0.45740987896998 -11.634107664243 
-1.742922237171 -0.33017698686662 -11.844054921706 
-1.4797941461545 -0.20063373178167 -12.016049551796 
-1.2223629293942 -0.041762644417346 -12.171256337205 
-0.93473170902463 0.065347786421751 -12.317528811288 
-0.64624548112925 0.14822852642581 -12.477236291548 
-0.34522442601565 0.25602732147329 -12.592846603219 
-0.0081481189289068 0.29527505354839 -12.613803194729 
0.32731065011089 0.31489489582138 -12.665595820299 
0.66165685023849 0.36187766002758 -12.70566124589 
0.99511126977941 0.42765905124793 -12.714658948805 
1.3282919937917 0.48652982999834 -12.681120365711 
1.6441215538711 0.51908267813815 -12.559497994997 
1.9539619615162 0.57470230082436 -12.431024731776 
2.2533908877414 0.65182658963581 -12.289624016732 
2.5354039226478 0.7373182143251 -12.120036781803 
2.7745615818772 0.83259422686813 -11.897941992432 
2.9860567009014 0.83801915143017 -11.631783421609 
3.1619582603006 0.85633584358476 -11.341398952001 
3.3469514580064 0.83048163905181 -11.057305522105 
3.522894328319 0.80021041204734 -10.767948028333 
3.6517036959678 0.7713746872991 -10.454616498186 
3.7530715983826 0.73503552476481 -10.132119965451 
3.8529107281869 0.76082946651418 -9.8081341313021 
3.9077866003908 0.79650695536115 -9.4744939726889 
3.980698785475 0.82493926810308 -9.1436232776155 
3.9780608069878 0.83894950098241 -8.8039222996302 
3.8941371630319 0.85250956482285 -8.4747218338744 
3.7972803228484 0.85341456752356 -8.1488109051227 
3.7360014929878 0.83470007485714 -7.8149027249666 
3.6319030493398 0.7988226769087 -7.4932253612207 
3.5039010464162 0.80989790513308 -7.1784352302329 
3.3748860446585 0.78617008478072 -6.8647600481372 
3.2507752491574 0.77116814385232 -6.548577423364 
3.1307661993914 0.7358372281785 -6.2324294289501 
3.0156221581797 0.66519778084622 -5.9204167396985 
2.8623416990709 0.54642966872432 -5.6411333058926 
2.6438522878644 0.44112800787168 -5.4028604845044 
2.4832494652943 0.29424033195476 -5.1416503314739 
2.3206223801635 0.12804285820398 -4.8935962428143 
2.1847380446118 -0.035567497205058 -4.6283282670717 
2.0394169832551 -0.19521480607373 -4.3656601763238 
1.8904172193911 -0.35112631248916 -4.1028091300338 
1.7375892557885 -0.46743873937125 -3.8222471352913 
1.55701550893 -0.52852115299829 -3.5407119497621 
1.3845737471264 -0.55724446741317 -3.249097804023 
1.2384190076306 -0.57173554058707 -2.9424566441616 
1.0413890441932 -0.57735076033625 -2.665422958818 
0.84697210208478 -0.62883877895243 -2.3912860649854 
0.66589364560935 -0.64472271378376 -2.1039564751156 
0.48833978393091 -0.67386779511432 -1.8154687103191 
0.30359737919843 -0.75015628198461 -1.5404226947786 
0.10502287164249 -0.80483285484829 -1.2699071918425 
-0.096231703276124 -0.81205287118987 -0.9959647390566 
-0.31851668210115 -0.79934476837106 -0.73900580787989 
-0.53288644217602 -0.8023956179608 -0.47511890353978 
-0.74256731222077 -0.80006397370722 -0.20748389803352 
-0.94326635341729 -0.79383976784277 0.066890215403113 
0.73810884264322 -0.64963458768974 -0.1821269856146 -0.21821592263627 -0.48530341223854 0.84667727569459 -0.63841769048161 -0.5851969758524 -0.49996735086735 
0.37519171095702 -0.89727973576215 0.23263760620275 -0.62750904982262 -0.061142303047408 0.77620487705809 -0.68224890796529 -0.43720783909791 -0.5859912397054 
-0.076259549009141 -0.84189247921682 0.53422985186444 -0.65258561582634 0.44723706442852 0.61164615769081 -0.75386769077968 -0.3019868567331 -0.58351301884275 
-0.37487077891705 -0.41101321222015 0.83098738768683 -0.52901105394929 0.83093084099674 0.17234048357799 -0.76132726465927 -0.37499610246095 -0.52892222417432 
-0.57582087342937 0.083612876924044 0.81328912972911 -0.30381404082415 0.90164048410957 -0.30780101691318 -0.75903053319425 -0.42432690726274 -0.49378064507603 
-0.58796457753339 0.62888258555197 0.50872816823471 0.04328857217183 0.65248614721104 -0.75656323411661 -0.80772752527403 -0.4228102662982 -0.41086217108361 
-0.47944222586153 0.86268626118128 0.16095827667448 0.39257619862132 0.3748743019351 -0.83985307406992 -0.78486883002 -0.33947263883522 -0.51840066275544 
-0.12919054158974 0.93381167108007 -0.33362488953675 0.63922838141028 -0.17878457815613 -0.74794595460706 -0.75808764688742 -0.3098900410923 -0.57382164656666 
0.31540899323432 0.68062398365055 -0.66126254987456 0.70049064580617 -0.6370834954485 -0.32161696933648 -0.64017967956266 -0.36176734610356 -0.67771259776414 
0.7650813684035 0.10851561286665 -0.63472424050605 0.2183570202046 -0.97101691174972 0.097192431924548 -0.6057810755126 -0.21295661262383 -0.76660209345564 
0.79344084145386 -0.46534391932441 -0.39230940322756 -0.33078808854326 -0.87074804266333 0.36383662085591 -0.5109118041217 -0.15891155699245 -0.84481728525365 
0.46459768784072 -0.88548185057922 0.0084190704859089 -0.82505932708299 -0.42940298532893 0.36727398898365 -0.32159927743451 -0.17758087871561 -0.9300746939188 
-0.11581025562614 -0.98659827661679 0.11494270428603 -0.97347918367953 0.13572623686781 0.1841647837352 -0.19729739895483 -0.090566159256577 -0.97615137512742 
-0.57234979608793 -0.78703270678133 0.23020692729479 -0.77265025898604 0.61163144734702 0.17005454979209 -0.27464028875399 -0.08053875509738 -0.95816815889512 
-0.90775404715431 -0.32877264302581 0.26055928130224 -0.29316560447757 0.94144177325649 0.16655724517121 -0.30006085753765 0.074805994181796 -0.95098241046204 
-0.91272161465494 0.26383476731138 0.31197831607247 0.27216202279122 0.96209426296822 -0.017391449445496 -0.30474101708146 0.069035097750196 -0.94993003310071 
-0.50083140372522 0.85056680603796 0.16032471272091 0.81840317815268 0.52565496577443 -0.23217040066779 -0.28175191753067 0.014932026757316 -0.95937109167657 
0.08859431674138 0.99605802136627 0.0044119284898111 0.96990638977796 -0.085258082548068 -0.22806283000114 -0.22678765863474 0.024484228231568 -0.97363642108275 
0.66537148938232 0.70363306616914 -0.24936176393037 0.68020346022457 -0.7090752144677 -0.18583754444699 -0.30757768744755 -0.045965730941284 -0.95041207787119 
0.93442184850417 0.14442304486178 -0.32557302276269 0.16313913565209 -0.98612274359131 0.030782413657737 -0.3166092725374 -0.081877461396626 -0.94501568762563 
0.82974159389834 -0.49162970409307 -0.26425200360344 -0.45595436352272 -0.87010967079757 0.18712236416064 -0.32192313638449 -0.034776354580066 -0.94612689393256 
0.50705805828258 -0.85826089721385 -0.079248708786721 -0.77310885475578 -0.4935374056506 0.39840121475946 -0.38104438616629 -0.1407446678824 -0.91378121792574 
-0.10588805991906 -0.99198190557027 0.068989983242075 -0.92332668883789 0.12384001813133 0.36349893478364 -0.36912808677504 -0.025210095802985 -0.92903654751759 
-0.65563598435406 -0.69049686681692 0.30554137679867 -0.65718766251277 0.72108961190787 0.21939495855539 -0.37181424429548 -0.056954793604489 -0.92655831938655 
-0.95463628401515 -0.16107889157159 0.25044591418463 -0.17909480077102 0.98252270663052 -0.050736409926554 -0.23789623279593 -0.093288378941367 -0.96680021761273 
-0.87220745542492 0.48139799918573 0.086660954766728 0.44544585796472 0.8549271644512 -0.26585246116125 -0.20206964720898 -0.19327573531981 -0.96011059144945 
-0.35908146084034 0.92799475107255 -0.099429605563678 0.93257289249615 0.35253498747431 -0.07763300063645 -0.036990602348651 -0.12060192613821 -0.99201152752858 
0.3273934070603 0.94468808704266 -0.019441584634846 0.94482810719008 -0.32707141676527 0.018003782899771 0.01064917259645 -0.024263275434838 -0.9996488826524 
0.81474102720359 0.50477764404549 0.28530087392631 0.5314126761003 -0.84689612324688 -0.019170918321863 0.23194315310245 0.16723183459291 -0.95824625604669 
0.92503832061321 -0.071978560636056 0.37299221467186 -0.041791728688652 -0.99520745477469 -0.08840573156801 0.37756794992465 0.066190700023737 -0.92361314110403 
0.80524319511772 -0.56095267298295 0.19213405577847 -0.53286803583227 -0.8267343384453 -0.1804494112589 0.26006740108071 0.042923563560088 -0.9646359492505 
0.35014109849298 -0.93041948785763 -0.10826258707827 -0.88197804772783 -0.28855266745824 -0.37262861058827 0.31546146273727 0.22595781623457 -0.92164371142551 
-0.29752955078053 -0.90701895639665 -0.29798117247477 -0.91084338519426 0.36320257324116 -0.19608217266955 0.286077776243 0.21307393911064 -0.93421571513848 
-0.74503886823848 -0.57581586866525 -0.33667962547085 -0.621513894967 0.7825285471798 0.037007448055621 0.24215194233552 0.23682305259821 -0.9408917464731 
-0.93567222963712 0.03904125225048 -0.35070394823634 -0.080323776376072 0.94420492260833 0.31941376781672 0.34360670778458 0.32703645782222 -0.88033038435605 
-0.76742397068442 0.61571681152079 -0.1787547404395 0.44746395775912 0.71403731370629 0.53844843870293 0.45916931052223 0.33323193521299 -0.82348043184322 
-0.24888974614706 0.95280567501187 0.17382531440525 0.79543395320721 0.098694311117327 0.59795004727667 0.55257462875888 0.28709019248017 -0.78245798675308 
0.033021614751765 0.7957238358777 0.60475875353338 0.79056423184586 -0.39100210966697 0.47130196855299 0.61148815874486 0.4625374874019 -0.64198232410464 
0.54783088298632 0.47329098610612 0.68983836231188 0.58188818265794 -0.80801760948531 0.092269635550989 0.60107193124406 0.35086063505664 -0.71805943224647 
0.75011726578396 -0.13332977179029 0.64772467880044 0.099675003218538 -0.94547999480885 -0.31005237162392 0.65374993790149 0.29713759669654 -0.69593122312709 
0.63115704941379 -0.67600579563523 0.38033793295284 -0.38038591395194 -0.69709046096173 -0.60775936496539 0.67597879807152 0.23891641530829 -0.69711664092462 
0.35308724299715 -0.9329322712735 -0.070475357743763 -0.60373955014141 -0.16965660378463 -0.77891924638394 0.71472229182229 0.31757521000339 -0.62315169225765 
-0.0092337550083102 -0.85055645626204 -0.52580267446962 -0.72197467722854 0.36948248418723 -0.58500876858355 0.69185786344394 0.37421438853929 -0.61749193371329 
-0.31221465310496 -0.46542243168497 -0.82819319634435 -0.55099118078601 0.79888276034285 -0.24123651034428 0.77390615004831 0.38100957377928 -0.50586655909033 
-0.55918027936959 0.10235543663366 -0.82270333641944 -0.33769857454758 0.87817086633019 0.33878548120815 0.75715063753039 0.46726790401272 -0.45649054532036 
-0.52484666167423 0.63440550383642 -0.56750827168553 0.09414707980181 0.70589328374023 0.70203347451186 0.8459741775576 0.31503067893852 -0.43021315906571 
-0.311533702104 0.94757990901677 -0.070986396451111 0.42780057219469 0.20656723624481 0.87995263925968 0.84848890557463 0.24376688236487 -0.4697278831183 
-0.15688139878839 0.89222718590583 0.42346059491387 0.43764472036914 -0.3215689637374 0.83967880781513 0.88535604445178 0.31705527955141 -0.34003032844344 
-0.0023816240529341 0.48685477839542 0.87347968071408 0.13083797999238 -0.86582174814118 0.4829431886229 0.9914009031963 0.11543450610324 -0.061637033854 
0.16112149190036 -0.20810185151966 0.96474529500889 0.023970615427694 -0.97640345353528 -0.21461990942225 0.98664343835235 0.057705418449962 -0.15233125167771 
0.18159330767464 -0.75617788051808 0.62866436484263 -0.0022358793740312 -0.63960927852121 -0.76869693096367 0.98337117684586 0.13818460060648 -0.11783948703224 
0.19522252257771 -0.96825680588892 0.15609908560986 0.0045774351044129 -0.15826024777423 -0.9873868244322 0.98074829276741 0.19347468005985 -0.026463832100913 
0.1979741679508 -0.90239791495657 -0.38273258537299 0.022745241472437 0.39458497935282 -0.91857789438865 0.97994330591856 0.17314934926592 0.098642891453139 
0.3589125202627 -0.47054700168306 -0.80608146114752 0.091143513187824 0.87716513192819 -0.47145963913481 0.9289104708218 0.09574367099943 0.35771285504036 
0.34908808239512 0.17970289632925 -0.91969798291643 -0.21835374204918 0.97002377362925 0.10665609184288 0.9112953166031 0.16358712554768 0.37786253888447 
0.15740639859003 0.68790478750171 -0.7085268019032 -0.44680839569258 0.6894435200259 0.57011392741535 0.88067331242722 0.22683614356307 0.41588445601136 
-0.15855537688232 0.96220776241924 -0.22139650946176 -0.53560500338351 0.10455215765407 0.83797143548004 0.82945010266575 0.2514459549685 0.49878598508548 
-0.55531568411481 0.79029667506794 0.25895106941798 -0.44367337721171 -0.54489073974974 0.71151107938565 0.70340488008657 0.28022356630305 0.65321996873852 
-0.76181385943182 0.24323877297597 0.60039532218254 -0.18083230839333 -0.96983520054695 0.16346057635168 0.62204446771807 0.015955660476576 0.78281932594951 
-0.78266592684173 -0.37382575856349 0.49768298061654 0.34608558991985 -0.92593306594996 -0.15123730303843 0.51735752764482 0.053872623984102 0.85407196943485 
-0.47084024064448 -0.85196207264988 0.22906351642281 0.69445462457788 -0.51805238611452 -0.49935408243391 0.54409764031123 -0.076041778038087 0.8355689114613 
-0.0046957765372803 -0.99485282241395 -0.10122159560914 0.85568300371698 0.048383705702769 -0.51523355303427 0.51747903033123 -0.089033020601393 0.85105145226952 
0.57929184048951 -0.75484786930404 -0.30761283742635 0.72172905007697 0.65039357015206 -0.23684463722004 0.37885108131993 -0.084810955141896 0.92156332396132 
0.88715428161291 -0.3356689187054 -0.3166759505093 0.3522347096052 0.93589693138189 -0.0052576781249206 0.29814088945518 -0.10687988980672 0.9485192139276 
0.92774497926949 0.21759781476618 -0.30321682745062 -0.23035225503121 0.97308569170729 -0.0064865396469688 0.29364449942449 0.075864534556983 0.95289951220165 
0.64058920479163 0.7452518437129 -0.18505447886189 -0.75073006602595 0.65847444066286 0.053063913899598 0.16139962412904 0.10493379072637 0.98129458415646 
-0.0015078368868416 0.99635534247701 -0.085286329183516 -0.97673433026309 0.016822098764001 0.2137921071478 0.21444760318884 0.08362444924096 0.9731491031572 
-0.49443729921998 0.86830844011966 -0.039651102848344 -0.86917866907747 -0.49431009662867 0.013637066826384 -0.0077587602565333 0.041206567292149 0.99912052348618 
-0.91460865044257 0.32061388554207 -0.24636913957154 -0.3202559462033 -0.94636996959137 -0.042661570260392 -0.2468342469291 0.039882540707179 0.96823666398753 
-0.92206844166153 -0.27407135133928 -0.27326668890842 0.26198688696394 -0.96170567708708 0.08052988089842 -0.28487305936303 0.0026617726491466 0.958561555152 
-0.61232614704911 -0.77509876087648 -0.15581591872387 0.76978774280519 -0.62943801940066 0.10599344677809 -0.18023185253142 -0.05504262548945 0.98208288281204 
-0.14389072279034 -0.97728977516583 -0.15556399085628 0.94103891087527 -0.18376575797202 0.28403505842704 -0.30617189308223 -0.1055217586719 0.94610989337036 
0.39048281440221 -0.90069113074058 0.19046957411016 0.84011227361318 0.43323712728318 0.32636936018552 -0.37647647918692 0.032574200659949 0.92585332643481 
0.79221917283094 -0.53958314724619 0.28502422600014 0.47791423040475 0.83903498328194 0.2600351614796 -0.37945588752281 -0.069787706918713 0.92257406498739 
0.90899497999245 0.19897461162933 0.36624749866112 -0.20119628914195 0.97901084437876 -0.032524142175796 -0.36503175147385 -0.044123355671751 0.92994889639175 
0.63069616290787 0.7076604540428 0.31849494796185 -0.69111221006064 0.69886942072947 -0.18424289911504 -0.35296779342926 -0.10391445786418 0.92984704239377 
0.012724355377327 0.97421615260689 0.22525758318003 -0.94082315550137 0.087962437591837 -0.32728336292183 -0.33865894474048 -0.20776308038908 0.91768438015173 
-0.56094072939892 0.82670178909908 0.043699542352707 -0.69433596040836 -0.44106813868657 -0.56864441535928 -0.45082487973174 -0.3493179768291 0.82142186413485 
-0.74528310144222 0.46487630652662 -0.47795723483885 -0.17775793678691 -0.8294391239278 -0.52955911436512 -0.64261591531327 -0.30971076721366 0.70080241584766 
-0.81307835572081 -0.12291065183352 -0.56903124617556 0.34026231602749 -0.89344807644135 -0.29320997765235 -0.47236124285326 -0.43202257622622 0.76826515597223 
-0.43215402458508 -0.59220155820227 -0.6801030903457 0.76449833331827 -0.64059045853041 0.072015017832405 -0.47831495626687 -0.48881609926701 0.72957084899879 
0.029831113693518 -0.85750694650411 -0.5136067964436 0.91617800703236 -0.18199376213524 0.35706600226578 -0.39965981044634 -0.48120692767364 0.78019992865473 
0.61360618596759 -0.77823984965845 -0.13352971559139 0.66393069177022 0.41697083925534 0.62075063893337 -0.42741488634323 -0.46955090843728 0.77255320808202 
0.8864530550266 -0.36289600690708 0.28724113459738 0.14883352091308 0.81118815949343 0.56552838385916 -0.43823459959996 -0.45856325416301 0.77309131261763 
0.82551285140397 0.19386218022896 0.53004338241674 -0.3412970357407 0.91944995009186 0.19526423807417 -0.44949401059579 -0.34209537318261 0.82518233747797 
0.49440627578161 0.72794035574784 0.47504239067841 -0.68811046737487 0.66168513817766 -0.29778643791126 -0.53109925546631 -0.17965415772659 0.82804466332114 
0.098212706615003 0.9830357104686 0.15490337698997 -0.85622487453089 0.16280007581679 -0.49028063346272 -0.50718165236332 -0.084480336514347 0.85768866393846 
-0.44298833482444 0.88035100198713 -0.16953892918656 -0.78675015089965 -0.47240404360396 -0.39731425804535 -0.42986688087006 -0.042620803452648 0.9018857642984 
-0.75773047539214 0.37900364171288 -0.53122572060313 -0.30004066607276 -0.92524779530132 -0.23214675529213 -0.57949989246299 -0.016515352203483 0.81480495689277 
-0.79164122829123 -0.15601401087054 -0.59073157532128 0.21524939612272 -0.97607733480726 -0.030671386412024 -0.57181453561301 -0.15143534887112 0.80628498186058 
-0.55487910142116 -0.73469074810886 -0.39030588959102 0.6391117195582 -0.67679168435022 0.3653617740237 -0.53258369551598 -0.046717455386263 0.84508702902882 
-0.091847113384434 -0.98349527407344 -0.15588827293332 0.84785214617215 -0.15933921556761 0.50572497724901 -0.52221724023072 -0.08572082744282 0.84849342587212 
0.50392437859782 -0.85787773566831 0.10052865909469 0.67143139331485 0.46227734909631 0.57920595351208 -0.54336001391905 -0.22437790255968 0.80895886923674 
0.76149778047073 -0.44797981630253 0.4684391257395 0.28109658624007 0.87946183465434 0.38409841263747 -0.58404266928218 -0.16081344959905 0.79563383216509 
0.79299315437575 0.16347267528974 0.58688886643618 -0.14417486129029 0.98631929144476 -0.079924118361394 -0.59192522034886 -0.021235342181118 0.80571309642908 
0.54137499885611 0.72090966179867 0.43266889203963 -0.52866404530661 0.69202040169758 -0.49155070016672 -0.65377934948537 0.037376772996503 0.75576156228446 
0.1065498274361 0.98946651413529 0.097995671732533 -0.7688418394655 0.14448356693461 -0.62290185805876 -0.63049929433786 -0.0089730870286534 0.77613795394151 
-0.34237747197707 0.89809079075153 -0.27606267087352 -0.70883592255326 -0.43975664003959 -0.55151222329088 -0.61670844130808 0.0068577772163996 0.78716178090076 
-0.71659828791884 0.44828654794833 -0.53434639016311 -0.37154148851238 -0.89370243561919 -0.25150125026008 -0.59029129763684 0.018306487836626 0.80698268657832 
-0.71050944796553 -0.13656527562258 -0.69030880759692 0.044565566255059 -0.98775094980453 0.14953919708441 -0.70227504202844 0.075485009468308 0.70789249091189 
