###############################################################
snapshot: -1 
type:     linear 
num_bp:   100 
sequence: aaaaaaaaaaaaaaaaaaaaaaaaaaaaaaaaaaaaaaaaaaaaaaaaaaaaaaaaaaaaaaaaaaaaaaaaaaaaaaaaaaaaaaaaaaaaaaaaaaaa 
dLK:      0 
0 0 0 
-0.058034729890639 -0.33491742949685 -0.0078921192173243 
-0.082750999617865 -0.6725174456861 -0.039756442210073 
-0.13909225870638 -1.0070517990743 -0.062393335270537 
-0.20850724780642 -1.3387609506163 -0.089790380212324 
-0.27465438336532 -1.66671301103 -0.15038743069976 
-0.3210239260506 -2.0002426725023 -0.19737498681091 
-0.38249228492144 -2.3343666608353 -0.21089538910622 
-0.41799336221331 -2.6680356095459 -0.26571058934715 
-0.4199851392204 -3.0026190241481 -0.32612558332608 
-0.43372239679944 -3.3323976079488 -0.40771831229505 
-0.47418096507371 -3.6659169845503 -0.45994789859009 
-0.47705399659793 -4.002030694684 -0.51112718688149 
-0.51786157781362 -4.3371809737063 -0.55123992533959 
-0.55652300064437 -4.6747071642628 -0.53777274029202 
-0.6324769067722 -5.0060765658883 -0.54280501714359 
-0.70456642493436 -5.3365702591973 -0.50849729127685 
-0.7642124321207 -5.665698895497 -0.44753259170226 
-0.77208027568225 -6.0055198330748 -0.45526741047336 
-0.74385128472515 -6.3441967753602 -0.46531991432874 
-0.7209281547747 -6.6834201355885 -0.46389093263136 
-0.77692804906431 -7.0185980511539 -0.45294667583753 
-0.86698267672734 -7.3454850367982 -0.47814712529594 
-0.94741514023767 -7.6727058361256 -0.52350313152655 
-1.0238014418943 -8.0039059246092 -0.51503942621298 
-1.1053577096419 -8.332678795251 -0.54431355679039 
-1.1819427556896 -8.6629528010618 -0.56988330077742 
-1.2122560446641 -9.0015519121309 -0.56424889799431 
-1.2214626209624 -9.3395700888659 -0.52876719637728 
-1.2113365804263 -9.6750065227437 -0.47417908292364 
-1.2147290182992 -10.014970309942 -0.47055765238442 
-1.2314248790369 -10.350275620328 -0.41678408024044 
-1.23422737489 -10.688300772657 -0.38029925586408 
-1.2607754802993 -11.020910650748 -0.31498565011765 
-1.2970667044497 -11.355135886019 -0.26422701383183 
-1.3576648554756 -11.684609190814 -0.20613049483068 
-1.4260050544711 -12.007140078005 -0.12304352829048 
-1.523920969598 -12.319524382712 -0.031236558307919 
-1.6724590880015 -12.60503862624 0.078390282036005 
-1.8298434112638 -12.899430049789 0.14291829558159 
-1.9874847874198 -13.194375178104 0.20420914161144 
-2.11665852102 -13.503106185839 0.26420340309036 
-2.2994968939739 -13.789606216482 0.27357686654915 
-2.4843894865166 -14.070027759425 0.22086550651604 
-2.6967268910878 -14.335563272444 0.21893730903921 
-2.9479165209295 -14.562526242695 0.18744794583714 
-3.1819127212982 -14.807439846178 0.15806929640824 
-3.4567908855149 -15.007298023043 0.16800428392971 
-3.7487916009999 -15.181247685701 0.15922379320226 
-4.0495247951963 -15.327520339441 0.22057407173628 
-4.3609495511529 -15.460625452493 0.25053488375412 
-4.6811842692086 -15.574301556764 0.26182508611856 
-4.9809430478827 -15.722643988343 0.32297406486027 
-5.2996922943513 -15.796200199668 0.41564769461143 
-5.6195034734134 -15.869182187255 0.50505932268499 
-5.9345875799096 -15.965530316807 0.58895833200734 
-6.2516267042101 -16.077864452201 0.63862960829506 
-6.5779803468631 -16.140134826454 0.71084941456406 
-6.8975746647739 -16.160683502833 0.82503007780519 
-7.2220276722173 -16.125771234892 0.92048362414114 
-7.5484581058932 -16.072812526828 0.99946809863027 
-7.8757463590491 -15.998637189917 1.0540613101159 
-8.2010703875922 -15.918428203853 1.111774350298 
-8.5234619066905 -15.860570036419 1.2029672276225 
-8.8434913202603 -15.793300982138 1.2960051166047 
-9.1648997962761 -15.7448576244 1.3957539643989 
-9.4792388025076 -15.648990734105 1.4829349744104 
-9.790577097245 -15.536385019693 1.5603198522071 
-10.096444368478 -15.425212381283 1.6587366031059 
-10.373176815392 -15.26989327938 1.7807822069139 
-10.653336471147 -15.109335770762 1.8872333868708 
-10.927594786975 -14.951436358716 2.011532026744 
-11.205663347 -14.78685385405 2.1173170686129 
-11.485500657667 -14.624152271175 2.2213328101565 
-11.751911502303 -14.434602747209 2.3145864418539 
-12.000145700742 -14.223011095965 2.4105487044849 
-12.242601172368 -14.025841848942 2.5444876170797 
-12.451210656709 -13.79794803553 2.686425958804 
-12.66047321082 -13.553097595307 2.7953178564341 
-12.832881317087 -13.286430990484 2.9168265670914 
-12.975029295449 -13.029725466242 3.0885712207811 
-13.076658404155 -12.777248556094 3.2923528050961 
-13.159727624495 -12.516150928513 3.4936673189885 
-13.263044516566 -12.263479185752 3.6963557750553 
-13.370582853657 -11.999840435478 3.88217858154 
-13.472309164098 -11.732148483475 4.0654619048314 
-13.586152610039 -11.502451666116 4.2887980682965 
-13.721405975592 -11.270298728422 4.4971524314063 
-13.913667828447 -11.047797444293 4.6678233384101 
-14.14138545371 -10.859472641872 4.8359853196598 
-14.336606445353 -10.628947014578 4.9920196094244 
-14.568427797969 -10.412601669073 5.1147125266991 
-14.810789804198 -10.191104504399 5.2030282329949 
-15.076917358391 -10.031261620667 5.3416874462454 
-15.338755869457 -9.887729892236 5.5042889132023 
-15.604370097742 -9.7413116891668 5.6579469476243 
-15.864783514098 -9.5882109020361 5.8139757961166 
-16.134628608986 -9.4679051583415 5.9822320078861 
-16.390136005409 -9.3149991059631 6.1463530288409 
-16.633819218825 -9.1163749747999 6.2758402715288 
-0.72209632657524 0.10902743172244 0.68314706636166 -0.67040412336781 0.13336801696354 -0.72991183263642 -0.17069038203129 -0.98505126322603 -0.023212115345071 
-0.98608496331136 0.057469617040699 0.15599259036394 -0.14950550174299 0.10375436678862 -0.98330215921704 -0.072694910962429 -0.99294122408604 -0.093718597037496 
-0.82471725585402 0.17528065235064 -0.5376970716009 0.54072338691056 -0.034192628518571 -0.8405052545957 -0.16570958555445 -0.98392456878895 -0.06657909723666 
-0.29775622808422 0.14030096195348 -0.94427584354996 0.93255520778106 -0.16879193124979 -0.31913957508494 -0.20416173264717 -0.97561515159404 -0.080579543946432 
0.35045787078481 0.1013526738795 -0.93107836206328 0.91614923629811 -0.24360258800304 0.31832115221676 -0.19455039870267 -0.96456488356961 -0.17822661908069 
0.79787369433872 -0.026079540711673 -0.60226026387148 0.58719484719048 -0.1924019646929 0.78624658690216 -0.13638100789786 -0.98096959256573 -0.13819869444456 
0.98252115950117 -0.17863423074012 -0.052363945042423 0.044355422056188 -0.048537667958443 0.99783600422282 -0.18078929079659 -0.98271761274388 -0.039765889103846 
0.81785911635411 -0.17696545109779 0.54753054244871 -0.56586569742202 -0.074685844484363 0.82110781089619 -0.1044149332114 -0.98137926091364 -0.1612211771792 
0.23619091730387 -0.17402812143573 0.95599584911895 -0.97168901015436 -0.036368653810733 0.2334476141777 -0.0058581676679036 -0.98406886647711 -0.17769115876156 
-0.37137991595504 -0.20839068302976 0.90479294938213 -0.92760147647123 0.12568021949526 -0.35179537131124 -0.040403698761881 -0.96993701117857 -0.23997861461461 
-0.88061483822421 0.032800772170092 0.47269611384525 -0.45864747779709 0.19152575494328 -0.8677328945613 -0.11899578904198 -0.98093934294556 -0.15361643027955 
-0.98695726882043 0.032445720457474 -0.15767886588418 0.16076052206802 0.14723163011724 -0.97595025571872 -0.0084500927182862 -0.98856973568741 -0.15052731850412 
-0.69118188373628 0.16827483994684 -0.7028166061183 0.71264454789976 -0.0028089635429762 -0.70151967760897 -0.12002229769319 -0.98573611477144 -0.11797864252383 
-0.090791856212664 -0.029318046790738 -0.9954382406648 0.98935679078602 -0.11678755721374 -0.086797505757266 -0.11371006714928 -0.99272408987212 0.03960936778697 
0.55570257688234 -0.11486928889314 -0.8234073672949 0.80080574273842 -0.19216898557199 0.56725765167288 -0.22339384155243 -0.97461588713372 -0.01480081426931 
0.89230279252804 -0.2346685449055 -0.3856506197047 0.39854718159193 0.0082691536551042 0.91711055230162 -0.21202799459459 -0.97204027443813 0.10090507607865 
0.97060577533227 -0.13957959023673 0.19606623085312 -0.16476936293999 0.20843310974399 0.96405741312374 -0.17542943290101 -0.96802540088151 0.17930793992526 
0.74597032283227 -0.032412075521247 0.66518999903329 -0.66557703137954 -0.0015774541312392 0.74632749308766 -0.023140716357503 -0.9994733458171 -0.02274946697381 
0.24189073520604 -0.0086373219501949 0.97026505084489 -0.96674478629039 -0.087709443807452 0.24023232848098 0.083026443991486 -0.99610865378054 -0.029566187809939 
-0.37105325082643 -0.021163275935642 0.92837040064989 -0.92616083797351 -0.064151128354201 -0.37163252674537 0.067420970442491 -0.99771576537741 0.0042028873452099 
-0.80240042958769 0.15289707991345 0.57686743152261 -0.57360755341449 0.069184820092613 -0.81620330514806 -0.16470557144003 -0.98581739872184 0.032188990570109 
-0.96361913949227 0.26675671724401 -0.016703526855957 0.035831043276989 0.066998251559591 -0.99710950784037 -0.26486655195008 -0.96143231071835 -0.074118968995336 
-0.74324268747989 0.26767956745984 -0.61313779582752 0.62580092875895 -0.045899010075047 -0.77863115686349 -0.23656606914804 -0.96241411566884 -0.13340001832532 
-0.36978759997346 0.061594910268217 -0.92707238009498 0.90154450926144 -0.21748648164189 -0.37405498008128 -0.2246655931077 -0.97411790730489 0.024893250922269 
0.22726173075119 0.030293618894846 -0.97336242088456 0.94382934307118 -0.2530491052777 0.21249075621307 -0.23987137572838 -0.96697903129926 -0.086100384051222 
0.72531772430221 -0.11564968055764 -0.67863049607277 0.65052023435085 -0.2074092244434 0.73061948941695 -0.22525013543435 -0.97139413473764 -0.075205129373616 
0.97996915741074 -0.090682743907424 -0.17730507742626 0.1780773079683 0.00043188499770431 0.984016405281 -0.089156732277832 -0.99587973843872 0.016571772891509 
0.90836278771495 0.019109722986481 0.41774617219327 -0.41730542632876 0.1061066747098 0.90255058292523 -0.027078165583201 -0.99417110804398 0.10435794593243 
0.47614684399223 0.15523224186649 0.86555596817383 -0.8788613015192 0.050668538589576 0.47437908036635 0.029782472164998 -0.98657774669935 0.16055327486365 
-0.11316433850691 0.011712484163454 0.99350724718294 -0.99352618326171 0.0087076318264546 -0.11326914991013 -0.0099777584498996 -0.99989349175936 0.010651266291831 
-0.73547311129582 0.14283998126423 0.66232623556165 -0.67577211773353 -0.083796793583458 -0.73233198911359 -0.049105472757924 -0.98619208937081 0.15815756512935 
-0.99868173995684 0.013621549620258 0.049489753108988 -0.050664003467746 -0.10675892077161 -0.99299329886375 -0.0082426348618913 -0.99419162449785 0.1073083069893 
-0.85930469045336 -0.031654528490924 -0.51048353527892 0.50546864067778 -0.2049313484489 -0.83815547228085 -0.078082662968558 -0.97826434732592 0.19209884043067 
-0.40577487267868 -0.094008176387606 -0.90912552239771 0.9077188777869 -0.15761722732474 -0.38884861907915 -0.10673889455999 -0.9830153978564 0.149290106723 
0.15859771906929 -0.19967238033403 -0.96694245125434 0.97112351529093 -0.14523808616183 0.18927497557004 -0.17822985595857 -0.96903913174847 0.17087211470925 
0.74882479864508 -0.30962504048958 -0.58599808466924 0.63155378682329 0.065206927271152 0.7725851868791 -0.20100058528104 -0.94862025644494 0.24437343100061 
0.95307572524176 -0.30246619233668 -0.01268323492845 0.093325141662182 0.25369736454 0.9627710346491 -0.28798798566713 -0.91877736678635 0.27002049994871 
0.81266320791168 -0.21479209293417 0.54170367113361 -0.38563863353178 0.4986863052635 0.77626980700679 -0.43687681883392 -0.83974777508223 0.32243188336448 
0.36556568389544 0.0085766243799955 0.93074602995245 -0.80752082721871 0.50021782780976 0.31255757605495 -0.46289506841846 -0.86585712808499 0.18978827513406 
-0.16307409578198 0.28353332381317 0.9449950759514 -0.87088144478654 0.40875110275757 -0.27292498075648 -0.46365110634117 -0.86748567151389 0.18026719420545 
-0.5601526551626 0.37764540490371 0.73730112645338 -0.73613022630164 0.18127645420507 -0.65211282541896 -0.37992274588315 -0.90803237569259 0.1764537102321 
-0.83130147969806 0.53540302881761 0.14926971087527 -0.14054222784163 0.057353108895677 -0.98841211197219 -0.53775992045263 -0.84264714894966 0.027569010172929 
-0.72763580377327 0.55542633005644 -0.40255152334496 0.41812175454646 -0.10610035869871 -0.90217343801459 -0.54380174277243 -0.82476924394893 -0.1550334118621 
-0.43724898755554 0.35564759693239 -0.8260315427863 0.64713667142044 -0.51339497498429 -0.56359535853635 -0.62452177815068 -0.78098680299803 -0.0056711690494851 
0.011052746101688 0.12540590638365 -0.99204394834491 0.6738417449106 -0.73393881208179 -0.085270879764186 -0.73879302894612 -0.66753814779686 -0.092615774123748 
0.3741382297791 -0.2503473499532 -0.89294276938068 0.62158518918473 -0.6468732090366 0.44179961975631 -0.68822411873166 -0.72033412788933 -0.086407792437935 
0.5078258655759 -0.72182023882793 -0.47020041798209 0.29748433342529 -0.36530171785656 0.88207580530111 -0.80846518887246 -0.58781816725027 0.029220551533728 
0.5095884518263 -0.85839655828189 0.05894877857142 -0.052327244609008 0.037466614246311 0.99792690728757 -0.85882563377957 -0.51161665487624 -0.025824972727786 
0.45343988796765 -0.70184173461126 0.54937277649855 -0.10970596472344 0.56774498031227 0.81586165410214 -0.88450939469512 -0.43021368747179 0.18044199568828 
0.20478291487148 -0.26717405201315 0.94163792601378 -0.34509432661091 0.88054359919201 0.32488902053304 -0.91595516457832 -0.39148562662352 0.088120035346597 
-0.055552670359106 0.25244017271085 0.96601649055164 -0.33136203512575 0.908014169408 -0.25633858435968 -0.94186681781093 -0.3343414831515 0.033206477542462 
-0.20641255345211 0.69923896993868 0.6844404434985 -0.42438031931619 0.56630916051521 -0.70653752858116 -0.88164346668843 -0.43630126934903 0.17984993747562 
-0.19523088357847 0.97536862081595 0.10266915615078 -0.28806736641984 0.043038122170247 -0.95664252071711 -0.93749778373129 -0.21634179801329 0.27256949926814 
-0.3082009534136 0.864730359745 -0.39655211164514 -0.14228172946984 -0.45405455118621 -0.87953986493288 -0.94062111488846 -0.21465290466785 0.26297537668692 
-0.34914622443297 0.40664966602323 -0.84423513495192 0.1388910942185 -0.86852381031646 -0.47578950688312 -0.92671796028289 -0.28337685162428 0.24676179212457 
-0.14542115113871 -0.026892193056984 -0.98900429663075 0.33069032974778 -0.9434597362045 -0.022970241011326 -0.93246801264856 -0.33039451586464 0.14609198908152 
-0.054345390795453 -0.62154067481679 -0.78149457326811 0.27515149022805 -0.76167180674847 0.58664104546979 -0.95986365486175 -0.18314815956718 0.21241119490883 
0.0057732833357755 -0.98686515794791 -0.16144295967285 0.3411716394004 -0.14981486840527 0.92798567751531 -0.93998328797293 -0.060437283469046 0.33582548012098 
0.037297547047344 -0.89091745816652 0.45263116962738 0.29659885749226 0.44240508053981 0.84634913744083 -0.95427355130409 0.10268314100468 0.28074572451751 
0.15400902946639 -0.3989120247773 0.90396372456583 0.23347237539418 0.90366350851866 0.35900266475266 -0.96008951081164 0.1557609060701 0.23230727790921 
0.21060284757091 0.22994880579065 0.95014208795867 0.17036313441846 0.94843479416114 -0.26729729451616 -0.96261250928198 0.21816275562063 0.1605682690754 
0.28993558328394 0.73445604689343 0.61360546992957 0.020085238941245 0.636334315829 -0.77115187977156 -0.95683537806796 0.23590878254124 0.16974423582967 
0.20694664817582 0.97154545227729 0.11520641895293 -0.24097762637492 0.16474597857628 -0.95644578839036 -0.94821035028915 0.17017108068684 0.26821434507198 
0.041988954148726 0.87265767888935 -0.48652389787648 -0.33505361983403 -0.4464570413838 -0.82970788958213 -0.94126298108743 0.19785015965181 0.27364084994781 
-0.18560638908709 0.50464497899478 -0.84313920173679 -0.26818308580083 -0.85148855692383 -0.45060522624354 -0.94531904710537 0.14248046393461 0.29337896410038 
-0.28768080900274 -0.075001639533816 -0.95478505759087 -0.24998104612894 -0.95648967546355 0.15045589821564 -0.92452648891622 0.28196144204272 0.25641473532809 
-0.38238737235882 -0.54393550885377 -0.74693644955148 -0.1235792048255 -0.77100270753397 0.62472634417803 -0.91570086687479 0.3311932776843 0.22760258175496 
-0.40977764419002 -0.8611860930661 -0.30073376170893 0.15094638662003 -0.38915764527572 0.90871971228201 -0.89960962127382 0.32697834826335 0.28946103205535 
-0.34042848837548 -0.87567151132968 0.3425023336389 0.4707912152889 0.15656973071913 0.86824049147079 -0.81391896151231 0.45682088795086 0.35895765825866 
-0.043565198025703 -0.60375780252679 0.79597650053821 0.56491392450467 0.64224392836575 0.51806852285965 -0.82399898751253 0.47222796652179 0.31309170575563 
0.35881643032918 -0.10672654220724 0.9272864792039 0.46965868794037 0.87916594803224 -0.080547828416662 -0.80664210537753 0.464410035431 0.36558423492136 
0.54980283124816 0.49777543790059 0.67077303178822 0.16982444145448 0.71965237228379 -0.67324595962467 -0.81784870595735 0.48406619019423 0.3111324760849 
0.54078700789243 0.82489988129715 0.16458917926393 -0.17359897900579 0.3009075145091 -0.9377196074521 -0.82305091372459 0.47853406728049 0.30592865159887 
0.44753624734454 0.81264356227653 -0.37325828591372 -0.43097909961411 -0.16972257304905 -0.88625688369314 -0.78356130775366 0.55749859989787 0.27427538734512 
0.15461185788076 0.55276496188914 -0.81886877478039 -0.66561874310013 -0.55421861830097 -0.49979336926619 -0.73010058364348 0.62232838601196 0.28224194891477 
-0.34364285416672 0.20063845876555 -0.91741691593538 -0.61105793974332 -0.78958794482005 0.056205619572077 -0.71310432831162 0.57990955006709 0.39393797822011 
-0.75146372838441 -0.33320425125186 -0.56945341501327 -0.2425895630288 -0.66310264333813 0.70812794628335 -0.61355730688508 0.6702759218006 0.4174657109539 
-0.77367709254066 -0.62956838312329 -0.071185725039481 0.15036776415495 -0.29159903940486 0.94464783687953 -0.615478100326 0.72014835359784 0.32027028714728 
-0.55150358024207 -0.61390531335793 0.56476903882125 0.66235260347979 0.089289033834465 0.7438524699834 -0.50708266549323 0.78431354359577 0.35737856075665 
-0.041314464393019 -0.57128972931325 0.81970797252008 0.9074691809675 0.32183615518039 0.27003920976947 -0.4180822892998 0.75501624777206 0.50513133438145 
0.62044849638647 -0.32597143818579 0.7132925660757 0.72504964479161 0.58508019210604 -0.36329627219771 -0.29890914325157 0.74257914749355 0.59935760092653 
0.94763775068987 0.059592901805202 0.31373775597126 0.20564490502416 0.63775054090064 -0.74228324824061 -0.24432123629571 0.76793419876667 0.5921015114484 
0.86108056414497 0.48199364570163 -0.16193328118423 -0.40767797720337 0.4641195492966 -0.78637885962438 -0.30387321197367 0.74315218459207 0.59614251784351 
0.47392784054589 0.62822315312798 -0.61703166193432 -0.82179895777835 0.063858948661149 -0.56618769650204 -0.31628922673705 0.77540808904076 0.54653766613133 
-0.10532107430856 0.53424652356803 -0.83874198855305 -0.94836164246875 -0.30772271887971 -0.076921540410621 -0.29919503070802 0.78732927059818 0.53906859791578 
-0.62490640157606 0.36254726604427 -0.69141266198487 -0.70525059827261 -0.6419911713555 0.3007805338412 -0.33483366453426 0.67557887458489 0.65687106901513 
-0.90499657356667 -0.1822634149081 -0.38439725469696 -0.15077521819959 -0.70750296208538 0.69043927482242 -0.39780401633145 0.68280275792243 0.61280695032297 
-0.77672850481018 -0.62722504598153 -0.057285002478145 0.27736200258944 -0.42229023273205 0.86298393893435 -0.5654760378079 0.65441554155796 0.50197325589358 
-0.34266511626243 -0.82142629983567 0.45589412371202 0.65879072001059 0.13585847755098 0.73995760777586 -0.66975772136256 0.55389647770661 0.49459406249915 
0.13918290708251 -0.47153962415613 0.87079188169552 0.80681233859292 0.56386517856971 0.17638001783278 -0.57417938718683 0.67801655086527 0.45892438166058 
0.46384843984335 -0.0053778258256339 0.88589824689091 0.56564642189858 0.77141484744725 -0.29148457683262 -0.68182750769406 0.63630983972218 0.3608615213962 
0.61505746137519 0.40270695789607 0.67788747242348 0.33701412850855 0.64298059390392 -0.68774808836423 -0.71282943008289 0.65146224904053 0.25975207734041 
0.5551405787203 0.82362466803935 0.11602303243351 -0.28134615411939 0.31721259335427 -0.90566026311176 -0.78272810056899 0.47012612862336 0.4078212154428 
0.2166849683695 0.87824033456273 -0.42631155183729 -0.59997764889975 -0.2246808478199 -0.76781855763168 -0.77011326784014 0.422152142444 0.47823960869679 
-0.1594771139007 0.56225760733072 -0.81143911240497 -0.60354369270467 -0.70598445146824 -0.37056843535494 -0.78121831848617 0.4306417737328 0.45193539535861 
-0.50157140960848 0.028060871947727 -0.86466103678191 -0.40223114961848 -0.89243807075308 0.20436338259848 -0.76592181281117 0.4502964327374 0.45890837791874 
-0.607116412615 -0.51263851375642 -0.60713377088343 0.038861572069254 -0.78230346383343 0.62168405857843 -0.79366204378803 0.35384042263121 0.49487121108663 
-0.53758205236592 -0.84155204339371 -0.052874334359168 0.382445808263 -0.29923029056182 0.87418329711356 -0.75149234242008 0.44972368346594 0.4827088851613 
-0.31374087290804 -0.75784459801751 0.57204740181435 0.62280478103741 0.29050855455609 0.72644269178417 -0.71671533357656 0.58418862106802 0.38084483143494 
0.083162742896029 -0.46582300622222 0.88096134141517 0.67512521481345 0.67657820472453 0.29402019865128 -0.73300061563217 0.57030768867848 0.37075495642934 
