###############################################################
snapshot: -1 
type:     linear 
num_bp:   100 
sequence: aaaaaaaaaaaaaaaaaaaaaaaaaaaaaaaaaaaaaaaaaaaaaaaaaaaaaaaaaaaaaaaaaaaaaaaaaaaaaaaaaaaaaaaaaaaaaaaaaaaa 
dLK:      0 
0 0 0 
-0.12927540867198 -0.013745123608202 -0.31416387489603 
-0.20161399740016 -0.01012153271433 -0.64635959758049 
-0.29532675958355 -0.026105735239529 -0.97279860179658 
-0.40479451088124 0.0047511946892361 -1.2932118682217 
-0.50272858207873 0.035107243436683 -1.6173837794094 
-0.57670401355809 0.048765856038018 -1.9489574180468 
-0.60397633938103 0.047442650750428 -2.2878592760706 
-0.67455359160122 0.062752710022691 -2.6201008351118 
-0.7346531982083 0.058100483072448 -2.9547146334975 
-0.84072277705604 0.058351498997724 -3.2777458725968 
-1.0088395884414 0.064426085413791 -3.573211331034 
-1.1723260221653 0.083928237742227 -3.8706871318024 
-1.3526164828395 0.0958845530913 -4.1587017083661 
-1.5445931328418 0.14022134242147 -4.4357923342736 
-1.7623278439662 0.22492914506743 -4.6828068758342 
-1.9820211659024 0.29723190115958 -4.9320199488423 
-2.2199802904676 0.35415418785998 -5.1681032144775 
-2.4261425348309 0.37502036857315 -5.4376616153881 
-2.6075525415792 0.41153691075382 -5.7228930154807 
-2.7769591840526 0.37686856286313 -6.0156377765618 
-2.9441373061564 0.37047708071387 -6.3116286960944 
-3.1155876795914 0.4148407942258 -6.601864170102 
-3.2863351043173 0.52940616314061 -6.8726410029273 
-3.4527959400427 0.65174624293473 -7.1426848790763 
-3.647296943325 0.75593975191368 -7.4013604913957 
-3.8444399940007 0.8676326465506 -7.6548547020948 
-4.0767419095717 0.94999031078872 -7.8890619504097 
-4.3140117232331 1.0388842892517 -8.1157796076799 
-4.5222537874623 1.0383027063678 -8.384545127133 
-4.7504377779727 1.0066158484246 -8.6346011398751 
-4.9713246669112 0.97298072837893 -8.8908776721494 
-5.1842591136072 0.97476915009209 -9.1559356336561 
-5.4092358066768 0.98701686621571 -9.4105637566615 
-5.6467131313288 0.9966349885396 -9.65369337641 
-5.8941067109857 0.96127971344162 -9.8842284524121 
-6.1640170394977 0.88869847330528 -10.077826949676 
-6.4393910333619 0.76204734177724 -10.231868029866 
-6.7424689855928 0.67086482898208 -10.35608358538 
-7.0537535290508 0.56553269460938 -10.443302129697 
-7.3634769727462 0.44246962084323 -10.510584135469 
-7.6697620143192 0.29643036758154 -10.532078549054 
-7.9685235448278 0.1393324690898 -10.491313390185 
-8.2470779930811 -0.046315203386023 -10.431795652807 
-8.5301936611866 -0.2232719899165 -10.367516463531 
-8.7776969805274 -0.44558778516474 -10.297389478009 
-9.0118329434923 -0.67047460289832 -10.19636339199 
-9.2488884010661 -0.88666160988633 -10.083811679236 
-9.4965208721071 -1.0853022174656 -9.9620739763385 
-9.6668901908555 -1.3097643899994 -9.7718345789188 
-9.8280906901939 -1.5250209815272 -9.5637985271949 
-9.9961205801882 -1.6782222732936 -9.3110232905327 
-10.121332573825 -1.8619843984752 -9.0538201840228 
-10.222050993463 -2.068639779244 -8.8033219733606 
-10.319802696494 -2.2477150998149 -8.531335513924 
-10.363438554758 -2.4347251467947 -8.2507590462683 
-10.405949899394 -2.6342373979641 -7.9787523419197 
-10.39865180815 -2.8196731895942 -7.6938658644471 
-10.394492436891 -2.99856834087 -7.4047651476013 
-10.342790100507 -3.1210164981388 -7.0918221540803 
-10.362126918252 -3.2282531267562 -6.7697563332264 
-10.379071008188 -3.29706113527 -6.4372230931126 
-10.389526269395 -3.3770568469857 -6.1069332603593 
-10.335712324 -3.4646819163585 -5.7828562533095 
-10.26971932386 -3.5348939741215 -5.4567961501425 
-10.137497498105 -3.5609872896576 -5.1446479038263 
-9.9696810227842 -3.6221275766056 -4.8553392521704 
-9.7466884305031 -3.6599027565522 -4.6014744464809 
-9.4819074540951 -3.6940589875194 -4.3909408709673 
-9.2255632342533 -3.6852516911725 -4.1677591681225 
-9.0002631867639 -3.6584928516231 -3.914532287426 
-8.7812799742 -3.6091548936586 -3.6591656519407 
-8.5329916364016 -3.5423711578664 -3.4366958024173 
-8.2605815975319 -3.5032564984484 -3.2370390616304 
-7.9723758625116 -3.4550089854192 -3.0632298795143 
-7.696596220858 -3.406242848541 -2.8704412565529 
-7.4253833249511 -3.3367631875587 -2.677526400195 
-7.1456749088244 -3.2620015080165 -2.4992740700001 
-6.8842838669435 -3.2361745672015 -2.2833859222185 
-6.614984973454 -3.1873209452266 -2.0816647543028 
-6.33041964845 -3.1022595877104 -1.9161741465243 
-6.0205545431164 -3.0520759252448 -1.7855402438875 
-5.7270284638536 -3.0031886827489 -1.6210638677304 
-5.420249542501 -2.9469553772672 -1.4856958184414 
-5.1271083778782 -2.8409229944983 -1.3499556570744 
-4.8181501372747 -2.7596169524579 -1.2336193639799 
-4.5038234052942 -2.6667015188792 -1.1432566074632 
-4.2117077378096 -2.5410166543028 -1.0229580138453 
-3.9076734301916 -2.416100396388 -0.93601511131852 
-3.5931348629108 -2.2994711337175 -0.88066978828302 
-3.2598743151441 -2.2391656985926 -0.85065876036591 
-2.9257237843803 -2.2142903105413 -0.7929990876344 
-2.5889423084107 -2.1903650512818 -0.75292641099396 
-2.2508108811966 -2.1671692903 -0.72592465915044 
-1.9111408853734 -2.1803631359849 -0.71883830793785 
-1.576605262951 -2.2226746236747 -0.67529918369423 
-1.2445697334181 -2.2492805311551 -0.60714837434506 
-0.90716532438766 -2.2505065011138 -0.56523463239228 
-0.56931182631518 -2.221491972965 -0.54047234258521 
-0.23403174949375 -2.1655188089571 -0.54783949926624 
0.62131736093629 0.72888702870867 -0.28755597086375 0.68512489901286 -0.68343936853353 -0.25202083701772 -0.3802217902117 -0.040426834141769 -0.92401139675304 
0.97069375419617 0.1166603849404 -0.21010471234625 0.11174337459266 -0.99311468104928 -0.035166013692708 -0.2127605550829 0.010657620276093 -0.97704624318957 
0.87788883362107 -0.41919127973426 -0.23149485263865 -0.39158859801296 -0.90667993744614 0.15681154593615 -0.2756257711276 -0.047012360368232 -0.96011471828264 
0.43532302828227 -0.86973822319408 -0.23248501922139 -0.84073364404697 -0.48509672266632 0.24051633920771 -0.32196397440497 0.090755676261074 -0.94239196007381 
-0.20337112705331 -0.97863580557501 -0.03020173385105 -0.93577366104432 0.18520420054125 0.30004509560665 -0.288041385875 0.08928249631602 -0.95344679761105 
-0.71377580404127 -0.68803215770827 0.1309039782609 -0.66572164501129 0.72456740821035 0.17837253802866 -0.21757479846868 0.040172390003926 -0.97521658422766 
-0.99169714633866 -0.10052470229625 0.080196971089903 -0.100512133652 0.9949269512254 0.0042038927251535 -0.080212723008662 -0.0038917802576163 -0.99677017065819 
-0.87106252922952 0.44607342442534 0.20559321533959 0.44515227732575 0.89386287337465 -0.053372404800111 -0.20758015358878 0.045029586094891 -0.97718105600352 
-0.4320456697319 0.89949953217634 0.065093247579593 0.8843591957264 0.43670741528638 -0.1649104192221 -0.17676354884436 -0.013683020441892 -0.98415823054604 
0.19581688115265 0.97857996298657 -0.063537430675436 0.92969396792473 -0.20586575961213 -0.30543152264244 -0.31196934955217 0.0007382821331645 -0.950091879704 
0.64717764998535 0.67497392723053 -0.3543603912946 0.58023202359696 -0.73762523561451 -0.34531117934006 -0.49446120995688 0.017866430635491 -0.86901605422703 
0.87571851229683 0.081123123933043 -0.4759581136864 0.043676348875706 -0.99505223618165 -0.089238017788226 -0.48084245212904 0.057359271554223 -0.87492882578942 
0.70741733066901 -0.53235704000199 -0.46492655573693 -0.46730998815126 -0.84578919370571 0.25741409204773 -0.53026606080647 0.035165633379627 -0.84710169577556 
0.18492905349185 -0.94234390412021 -0.27890717370146 -0.8043544435759 -0.30819344720396 0.50796725110996 -0.56463720588912 0.13040232155932 -0.81497242913957 
-0.39016386971717 -0.92030988490852 0.028317318146202 -0.66156243093363 0.3015935661709 0.68656862062102 -0.64039620918967 0.24914059601753 -0.72651335753138 
-0.69426371315974 -0.56266361549271 0.44878452779739 -0.31698461892801 0.79886634464677 0.51120770216591 -0.64615682922392 0.21265516497692 -0.73297962649443 
-0.68442271357559 0.12085156751839 0.71899961597357 0.20428863233762 0.97845078963406 0.030003449168833 -0.69987977813294 0.16741849029527 -0.69436254598576 
-0.57994099327426 0.64801205982597 0.49370924099123 0.54405564958761 0.75915344692715 -0.3573366678224 -0.6063595422452 0.061371119744626 -0.79281882620777 
-0.1970157930954 0.94883376669678 0.24677775517048 0.82249604128225 0.29695013157571 -0.48509883676648 -0.53355884337718 0.10740159464902 -0.83891588262521 
0.34399555899504 0.88830809653993 -0.30426268422751 0.79587007669092 -0.44778534557614 -0.40752804236672 -0.49825483080413 -0.10196572909027 -0.86101400317964 
0.79850195162867 0.38903122884576 -0.459401062502 0.34731166130379 -0.92103274656695 -0.17627617443593 -0.49170035912899 -0.018798476909571 -0.8705615280371 
0.8205449785651 -0.23565868074119 -0.52074074580634 -0.26911324167611 -0.96303663567568 0.011768666069276 -0.50426580422055 0.13048151032921 -0.85363374708127 
0.42364814391221 -0.70700223169527 -0.56627740069478 -0.7538694247576 -0.62177797202926 0.21230413070595 -0.50219830801724 0.3369569673965 -0.79640244948617 
-0.13680026889953 -0.93130032087627 -0.33758761642689 -0.86115424835115 -0.056626593791509 0.50517995746301 -0.48959069330996 0.35982376410034 -0.79424669455585 
-0.55396615081202 -0.82840608248883 0.082854488412017 -0.60486926692526 0.46886121878848 0.6436632096411 -0.5720617743599 0.30645149699692 -0.76081062446873 
-0.78564602811574 -0.46779260488367 0.40488318972525 -0.21576512263414 0.82051949110515 0.52933276544267 -0.57983250198712 0.32850851363798 -0.74557120793843 
-0.67681218951094 0.14398446319469 0.72193748655125 0.27405673542129 0.95947582817584 0.065567071892369 -0.68324092815024 0.24222842422978 -0.68884484798504 
-0.38612728622805 0.64678989336316 0.65769943946565 0.60324767404808 0.71645322702635 -0.35040978473657 -0.69785239312172 0.26145287783231 -0.66681663903013 
-0.18497913814046 0.97254299950824 0.14121909417761 0.76854086425076 0.23271697008953 -0.59597630138203 -0.6124766594977 -0.0017105378938166 -0.79048682192092 
0.31029867175933 0.8656676915654 -0.39285389406785 0.67327563778298 -0.49186769957419 -0.55205623054495 -0.67112938385402 -0.09319664100947 -0.73545886100604 
0.64731453273911 0.44793543048224 -0.61671528748963 0.39864303392802 -0.88857601457529 -0.22697224020173 -0.64966732040742 -0.098926823663704 -0.75375450668925 
0.77345101388225 -0.12115429864072 -0.62216972366494 -0.097722391966353 -0.99261974977785 0.071807843995942 -0.62627778439988 0.0052600638622411 -0.77958223972543 
0.52103882246333 -0.69615479782124 -0.49384921074806 -0.53914445421037 -0.71698735201727 0.44187373144537 -0.66169615608694 0.036022694481217 -0.74890624413349 
0.10778007990048 -0.98366322524331 -0.14418777229904 -0.70748376925181 -0.17778193016409 0.68400314440239 -0.69846271956484 0.028288595070289 -0.71508711690751 
-0.20100997242988 -0.9127328370677 0.35568772697702 -0.65585991588016 0.39510208614169 0.64322788517612 -0.72762817546146 -0.10398610322936 -0.67804434118261 
-0.40381063521018 -0.5150537719512 0.75607974638261 -0.45467894674785 0.83014960259775 0.32267428266142 -0.79385390738815 -0.21347423569514 -0.56940734489376 
-0.50675720473868 0.055474340144881 0.86030211730006 -0.29533208627439 0.92637134465436 -0.23369871762592 -0.80992351136528 -0.37250332802364 -0.45306200055741 
-0.44001793882538 0.70519170724538 0.555957614881 0.10853578625732 0.65633990633242 -0.74661764676243 -0.89140574185572 -0.26818386116223 -0.36533986916124 
-0.32497202092957 0.94555414691963 0.017903654823982 0.2370118414436 0.099755051844371 -0.96637172798411 -0.91554277487645 -0.30980039521381 -0.25652513034186 
-0.18835346075405 0.79174337077801 -0.58108984559276 0.3670023075752 -0.49207161599932 -0.78941423280957 -0.9109513049864 -0.36195021695926 -0.1978882522706 
-0.076001046793023 0.29938089578596 -0.95110195043681 0.42745069238589 -0.85198441910882 -0.3023383124492 -0.90083835756768 -0.42952721547557 -0.063218863487216 
0.050675859319822 -0.34004424812374 -0.93904305897027 0.4746577910438 -0.81907097663349 0.32221532651029 -0.87871038384878 -0.46205264262275 0.1198975260867 
0.38881860968924 -0.75340709243049 -0.53028090841998 0.42143088786041 -0.36638382930894 0.82955343190059 -0.81927778898032 -0.54602256610537 0.17505216875879 
0.53667773635627 -0.84263660744535 0.04405173200354 0.13637866189538 0.13814395686136 0.98097762857379 -0.83269314148678 -0.52046113685435 0.18905643904709 
0.65047372560196 -0.56354269347476 0.50921858266639 -0.21672877604177 0.50485015005237 0.83555667888392 -0.72795093923758 -0.65386998602422 0.2062558397712 
0.49091461582355 -0.12369658001835 0.86238158379138 -0.53365196681708 0.73973448461757 0.40988836355746 -0.68863518519101 -0.66143181686348 0.29713554711216 
0.12854023352792 0.34341113085032 0.93034735640659 -0.70523682763831 0.69120982857942 -0.1577022188109 -0.69722193404058 -0.63584413820002 0.33103444927891 
-0.26182415827044 0.72016209113269 0.64250655455125 -0.63323167958183 0.37421062991981 -0.67748361192647 -0.72833079717936 -0.58423708111551 0.3580520673445 
-0.66568651504567 0.70717984628893 0.23823964550233 -0.55296840070142 -0.25309139820469 -0.79383291187792 -0.50108623161296 -0.66018286039368 0.55952763946956 
-0.87560777679961 0.4119068429435 -0.25227717681998 -0.092315141416231 -0.65536821064486 -0.74964686562506 -0.47411911570118 -0.63310762214056 0.61187074036455 
-0.80649885894021 -0.081612503136924 -0.58557577636016 0.32453113282496 -0.88899168594564 -0.32306860903966 -0.49420555880669 -0.45059203460695 0.74345657841819 
-0.45675189031048 -0.6035267817253 -0.65355423220886 0.80978669927583 -0.58620833369567 -0.024602666151064 -0.36827056951893 -0.54047683876933 0.75647972502911 
0.15677553852274 -0.79186230563806 -0.5902334448593 0.94216178806769 -0.059339376200388 0.3298636135393 -0.29623064599388 -0.60780994343764 0.7367594431239 
0.64856864201511 -0.72164868159146 -0.24203697434887 0.70476917245518 0.44924224177708 0.54907360322637 -0.28750500891556 -0.52669211932628 0.79996017481378 
0.97172473142527 -0.23603524161496 -0.0061976650618373 0.19819105873223 0.80109603600804 0.56477025889369 -0.12834075960137 -0.55002954994071 0.82522490486956 
0.93797384042608 0.19290369539276 0.28808547165759 -0.32337552770601 0.78641786432262 0.52628434401486 -0.12503336657549 -0.58680073873345 0.80001971867242 
0.64369778399402 0.64881142669488 0.40582865284672 -0.76497870412308 0.53064417559184 0.36499909746281 0.021464974245786 -0.54539938714726 0.83790140433108 
0.031282962755869 0.8501449958593 0.52561855204758 -0.99943570031672 0.020169659584631 0.026860114755889 0.012233444881738 -0.52616220963468 0.85029622601699 
-0.59891039706869 0.70723130838054 0.37567301304369 -0.78624573805668 -0.60837642647126 -0.1081469514213 0.15206569524615 -0.360141639026 0.92042056917959 
-0.95676720277411 0.28828931224222 0.038545974403426 -0.28524021862493 -0.90410781778131 -0.31816202084079 -0.056872993367639 -0.31540184887476 0.94725241427605 
-0.9361888294128 -0.33168720095612 -0.11633604946275 0.34794668094152 -0.92142680378801 -0.17293279759158 -0.049835558635142 -0.20237649562877 0.97803894151133 
-0.48150873044084 -0.84820482957739 -0.22067602858224 0.87590166843137 -0.47454312813986 -0.087207148642521 -0.030750768256664 -0.23528150504621 0.97144068456844 
0.089569495388982 -0.95760834198541 -0.27379475680843 0.98332391163475 0.12870997082679 -0.128482793467 0.15827630998691 -0.25772079227293 0.95316766779358 
0.63766652556119 -0.7163219005077 -0.28330961337678 0.74545806976331 0.66651195431114 -0.0073539775119473 0.19409705923454 -0.20650605224411 0.95900030343218 
0.8920626549082 -0.21762877298669 -0.39605799687231 0.23019678270219 0.97300971995643 -0.016171768731273 0.38888772280928 -0.076745045694498 0.91808307740075 
0.82123816223348 0.41841048026774 -0.38794400484289 -0.28626695326211 0.89027853211339 0.35419679096235 0.49357786858957 -0.17982437337623 0.85090779898792 
0.35067353214257 0.92074970790662 -0.17102061058421 -0.66848709219686 0.3739999923102 0.64284447055111 0.65586056553272 -0.11110347043126 0.74666119320432 
-0.13562740542177 0.93678374311417 0.32255453110371 -0.61247552348458 -0.33517772438694 0.71591174470539 0.77876757767054 -0.10045950284469 0.61921639856945 
-0.5324151920762 0.60942988438045 0.58747704573919 -0.3848221027111 -0.79241668868548 0.47327343128233 0.75395358777011 0.025903812784912 0.65641677307312 
-0.74865185501416 0.096792310239044 0.65585947325806 -0.020471695251048 -0.99218807189492 0.1230599028241 0.66264719849809 0.078702469263052 0.74478494322485 
-0.59160858331576 -0.52794664659589 0.60932062372386 0.48494880640327 -0.83678847385317 -0.25418439211434 0.64406827224693 0.14511164107204 0.75107833966256 
-0.20345533937794 -0.85178741999788 0.48276714471051 0.65217062527748 -0.4856709724705 -0.58206286775968 0.73025981705401 0.19642275232998 0.65432308683352 
0.1604489704167 -0.98671186596887 -0.02560901107881 0.57647643384924 0.11473785352768 -0.80901801351039 0.80120599667544 0.11504311593519 0.58722570819676 
0.46411630973592 -0.66515856056147 -0.58494456177389 0.25702513242118 0.73309427521816 -0.62969108691983 0.84766392653041 0.14190445008585 0.51120347681214 
0.58269565024272 -0.11436974916623 -0.80460259735089 -0.050553452778841 0.98302972937333 -0.17634313023286 0.81111659309891 0.1434298143478 0.5670253616513 
0.42955804109619 0.46784468353519 -0.7723996643044 -0.42329487276675 0.8598614045557 0.28541165996656 0.7976849879614 0.20435194406555 0.56739663634674 
0.034320915854644 0.90128393135419 -0.43186728264324 -0.56747965976724 0.37327852008993 0.73391415178469 0.82267181213738 0.21988729277105 0.52427155939684 
-0.18939543611016 0.97542055062369 0.11262379056677 -0.610802964732 -0.20684435252039 0.76428734917241 0.7687971820027 0.075961590632486 0.63496514053396 
-0.52628990493824 0.65317257260063 0.54441209241004 -0.30930068127752 -0.7434511422786 0.59297005624735 0.79205556908677 0.14368712345549 0.59329755269319 
-0.53413153124277 0.17971997427994 0.82607762236793 0.11919210646717 -0.95137293772547 0.28404713538351 0.83695683824688 0.25018046328295 0.48673708170152 
-0.30419372768177 -0.38728839839049 0.87032974929694 0.27726273323592 -0.91006715660462 -0.30806354413996 0.91136795686358 0.14759900725183 0.38421736069655 
-0.088702630881981 -0.90039977397302 0.42592498201437 0.49681408763692 -0.41061640386414 -0.7645717305807 0.86331199783171 0.14378600734075 0.48375404752092 
0.2295704130106 -0.96599201409662 -0.1189825792782 0.364922561322 0.19875837151308 -0.90957497436532 0.90229094515489 0.16539207494622 0.39814132143829 
0.50508862331 -0.59003799779003 -0.62987351410164 0.039131951439503 0.74471372565156 -0.66623581200854 0.86217989594941 0.31185994932038 0.39923576872632 
0.36784623481362 -0.071174460618342 -0.92715874783608 -0.19736304475976 0.96837412611329 -0.15264134576676 0.90870070765716 0.2391354177658 0.34216556792488 
0.079145856487971 0.5443975833252 -0.83508514815579 -0.37289872025407 0.79306300971894 0.48166129909756 0.92449038817809 0.27328068699638 0.26577281328447 
-0.23175152577145 0.89758152261388 -0.37501818697863 -0.45621148491751 0.24020383937946 0.85683907274162 0.85916372789586 0.36966136640107 0.35381939299382 
-0.43066366365917 0.86191560620982 0.26763836902748 -0.12207370883443 -0.34945410338427 0.92896708189217 0.89421855181773 0.3674007585729 0.2557144191965 
-0.33407579241623 0.53163525184359 0.77830413330431 0.18043974250103 -0.7744005871996 0.60642001110702 0.9251134331787 0.34302724314854 0.16278036186913 
-0.088452527981423 -0.0068807287085682 0.99605662784102 0.17727684144815 -0.98412037849278 0.0089443904981736 0.98017808166666 0.17736892683796 0.088267729167958 
-0.070695871358448 -0.6992543625291 0.71136870205035 0.17063044179571 -0.71111920636749 -0.68205185042474 0.98279567871729 0.073162906033121 0.16958727273975 
0.061448060080906 -0.99508251142348 0.0776848207274 0.12274779172727 -0.069707118656456 -0.98998681669744 0.9905337528516 0.070368409586756 0.11786081364835 
0.10120306265031 -0.82073615081723 -0.56227227466056 0.02682053112834 0.56721937263939 -0.82312990615855 0.99450419768855 0.068222826417223 0.079416917186801 
0.0030659271183329 -0.41075943069888 -0.91173860847437 0.043941541455949 0.91091757520208 -0.41024177276634 0.99902939948 -0.038805428485121 0.020842209448812 
0.14840697267576 0.17110797448643 -0.97401100174913 0.099299891617547 0.97736143040707 0.18682656630505 0.98392830124245 -0.12444555202873 0.12805624777534 
0.19126417021256 0.7424699973629 -0.64199401882637 -0.09858558167611 0.66529303528665 0.74004463398135 0.97657508686143 -0.078252669060109 0.20044355690933 
0.014507834542378 0.99604537495242 -0.087653486940973 -0.12247214199196 0.088772795864924 0.98849378609592 0.99236590891302 -0.0036057939961137 0.12327571162583 
-0.11000539975542 0.86861179841121 0.4831276805209 -0.022032633518163 -0.48808930137857 0.87251555684694 0.99368675903671 0.085336847496403 0.072830264138421 
-0.058134240948615 0.46453009881464 0.88364709999216 0.15553761786471 -0.87012053972591 0.4676518959398 0.9861178730042 0.16462695296447 -0.021668107885379 
0.069919071773016 -0.11757787351268 0.99059919597312 0.13192973938139 -0.98321672342832 -0.12601356529164 0.98879010273626 0.13950024527215 -0.053233582444303 
