###############################################################
snapshot: -1 
type:     linear 
num_bp:   100 
sequence: aaaaaaaaaaaaaaaaaaaaaaaaaaaaaaaaaaaaaaaaaaaaaaaaaaaaaaaaaaaaaaaaaaaaaaaaaaaaaaaaaaaaaaaaaaaaaaaaaaaa 
dLK:      0 
0 0 0 
0.29728755278257 0.13781956799228 0.090696624187314 
0.59133373269371 0.26412839990987 0.20551353522082 
0.88815531640049 0.3642792795847 0.33767536309164 
1.1846299201742 0.44143425328569 0.48515390170126 
1.4412813349959 0.47931302407792 0.7049157045545 
1.7119587827017 0.52583837062067 0.90533803722356 
1.9765206922679 0.55261920017976 1.1172101287667 
2.2174720685226 0.59898493931575 1.3525665659324 
2.4852962234909 0.5947722025765 1.5619763910712 
2.7628625727008 0.58889089668921 1.7582474587999 
3.0256551587928 0.57257050018933 1.9733606879448 
3.2640967059233 0.51550753133975 2.2089226674493 
3.4455767102551 0.45155864365907 2.4892359703662 
3.6020947266939 0.40730581078993 2.7878055557447 
3.7563196090638 0.34433161364126 3.0841987677983 
3.8908940849569 0.25446158817146 3.3832189827674 
4.0118613202418 0.1944339127469 3.6952504013307 
4.1290306204562 0.12516254211824 4.0068155346472 
4.2360228440776 0.059160208749227 4.3227211472507 
4.3493592172321 0.042502564264141 4.6428420453508 
4.4966332842928 0.075406863550536 4.9475183592642 
4.6597853702072 0.0968647064298 5.2450430772974 
4.8247641967235 0.12124563901662 5.5413327276862 
4.9996680798977 0.12115873900381 5.8328951122611 
5.1565540620973 0.12789640308712 6.1344600181635 
5.3447745150651 0.1214278531064 6.4175346001128 
5.5174015773166 0.13976178336204 6.7098764622876 
5.6957178995838 0.16925132057234 6.997858504103 
5.7857847330329 0.17140838383763 7.3257049812696 
5.8168513935637 0.16120272587694 7.6641288385094 
5.8153351661543 0.12175669909198 8.0018294633612 
5.7831747189633 0.14502567850219 8.3395042480783 
5.7395362129004 0.16530714539456 8.6760816431738 
5.6975391803714 0.1971949990698 9.0119676566467 
5.6190451812361 0.22621522478233 9.3415075155399 
5.4880655782125 0.21225328220907 9.6549551311814 
5.3873103951588 0.24837320211741 9.9776682305029 
5.2645020386657 0.34927638170522 10.27822879998 
5.1017256814855 0.4197783922967 10.568286249541 
4.9505091647923 0.49829705208315 10.862511308203 
4.7730005211595 0.57706670560845 11.141591983132 
4.5286573915606 0.65761889100396 11.363870593092 
4.259470411399 0.7821750529523 11.530075683966 
3.9879558825755 0.93511133925005 11.666054921246 
3.7070623650665 1.0806389918136 11.790636357105 
3.4159981530529 1.2087093756089 11.910967572005 
3.1177264778774 1.3334992414593 12.016141224452 
2.8036778196352 1.4497207575188 12.075013963994 
2.4920649730562 1.5840910672638 12.053988890725 
2.1947276060332 1.7305963531701 11.978313984888 
1.9094650049095 1.883176314832 11.873697524905 
1.6391589515595 2.0634623981858 11.773539820902 
1.3463345832055 2.2151823954773 11.69086617504 
1.0555524288445 2.3587348752819 11.588697568086 
0.79208834842138 2.5305587854087 11.459611464126 
0.54137204177327 2.668251415179 11.275812461713 
0.28168875417472 2.7681822638964 11.080419484315 
0.020511433839725 2.8785256589197 10.892774227201 
-0.24916302102973 2.9893090371452 10.717837863057 
-0.54579412600642 3.0214604093367 10.554815543032 
-0.83354245474798 3.0393988608737 10.374595923504 
-1.0961127224782 3.0128603854411 10.160230432284 
-1.3241941641485 3.0015030013061 9.9083378643286 
-1.554387702876 2.965832673561 9.6606716323819 
-1.7422939739561 2.9047411306962 9.3839785593223 
-1.8890064239584 2.8376349632171 9.0846923763793 
-2.032173930819 2.7648973239164 8.7850053716422 
-2.1841622150006 2.6937815178034 8.4892992614712 
-2.3537222367159 2.6832578816712 8.1947849967599 
-2.5363704724563 2.6606508535658 7.9089029506969 
-2.7225064823267 2.6015328108989 7.6305893813892 
-2.8970756768307 2.549730424629 7.3434620418568 
-3.0208790250594 2.4724029111499 7.0363900850999 
-3.144731076888 2.456833906861 6.7201334245166 
-3.2692574815067 2.4793866179486 6.4045632266599 
-3.3946318165923 2.5086575534175 6.0898816599315 
-3.478303429293 2.5715368174444 5.7663924647742 
-3.5291544885238 2.6301791344316 5.4353709421605 
-3.5904116490838 2.6587412129888 5.1021566448253 
-3.6605168246206 2.6954221043527 4.7714909880484 
-3.712779764946 2.7738777827851 4.4448209839306 
-3.7558419827851 2.8439265396394 4.1149136983822 
-3.788924100617 2.9313268664138 3.7880088859987 
-3.838230605458 2.9864907906254 3.4561567953831 
-3.8614420574746 3.0840246813298 3.1312747111442 
-3.8774204997785 3.134669005008 2.7954476100033 
-3.8932083799918 3.1469366690995 2.4560359907913 
-3.9314213991976 3.1163438642784 2.1195781992983 
-3.9428565890121 3.0778311824956 1.7819600573453 
-3.9981854531763 3.0216138107945 1.4512361182219 
-3.9913460546024 2.9364630061323 1.1221425705906 
-3.9803702471132 2.7939929603825 0.81362706415047 
-3.983611101753 2.6681606870501 0.49778574980227 
-3.9378264441634 2.5264467250777 0.19213739284367 
-3.8696301513529 2.3379379294012 -0.082478155877647 
-3.7802006569946 2.1535287901624 -0.35376331010477 
-3.7230329806743 1.9679692302684 -0.63286814079765 
-3.6740553905335 1.7748890575425 -0.9084062371911 
-3.6219844339732 1.5869373297404 -1.186907159091 
0.33394388923738 -0.1038127787852 -0.93685878647848 -0.35206471952622 0.90824717457894 -0.22613602794402 0.87437515524285 0.40535167056554 0.26675477702151 
0.16616387213344 0.42292416655418 -0.89080004318707 -0.47374929215372 0.82651403613991 0.30403314991554 0.86484170562102 0.37149656446348 0.33769679715738 
-0.064465440926304 0.85971050291161 -0.50669720554751 -0.48343259520265 0.41729057795026 0.76952030476755 0.8730046579611 0.29456141080835 0.38871125844358 
-0.20472703930206 0.97390600206962 -0.097948652422673 -0.44466899891202 -0.0033928136851979 0.89568854532248 0.87198412874616 0.2269263932382 0.43376040767536 
-0.46590960700696 0.78470254719774 0.40886446473129 -0.46164812685605 -0.60977876042964 0.64424441813584 0.75485710241669 0.11140814938889 0.64635824368598 
-0.59870751587734 0.31988158750144 0.7343194675409 -0.088079253660274 -0.93752375350983 0.33658766566747 0.7961101403114 0.13683925453749 0.58947744902666 
-0.5862453585464 -0.26506960118706 0.76554195581257 0.22547852778514 -0.96100668222186 -0.16007994950277 0.77812326342981 0.078767145762043 0.62315321042089 
-0.29437924102816 -0.83450198422722 0.46577601996294 0.64118077427303 -0.5338630070013 -0.55125085438316 0.70868051839621 0.13636982098819 0.69222481519325 
0.034457692530197 -0.99734626742432 -0.064133378831156 0.61507142501576 0.071741903994569 -0.78520076498965 0.7877181028481 -0.012390402174263 0.61591125040819 
0.37569338134282 -0.74324117149301 -0.55357659290554 0.43862497524647 0.66879992645761 -0.60026226723019 0.81637161532311 -0.017297958492004 0.57726784626096 
0.60303429376528 -0.25455963124981 -0.75600862077161 0.19734560216592 0.96586504346297 -0.16780772068674 0.77291937085882 -0.04800116617613 0.63268596807337 
0.70163950016098 0.33432406710412 -0.62922923483325 -0.12602456122505 0.92739406414663 0.35221876689586 0.70129866803091 -0.16783226132231 0.69282935148385 
0.48685904821626 0.86550745890261 -0.11775018366824 -0.69142135657166 0.46424226971358 0.55354821171043 0.53376471862292 -0.18808496376669 0.82445089093184 
-0.045339169500271 0.98445568030137 0.16968020872049 -0.88658045355547 -0.11792619628516 0.4472901872422 0.4603471071729 -0.1301553907916 0.87814583934866 
-0.48239602633846 0.77145111889358 0.41491835935605 -0.74935889892323 -0.60873424380345 0.26058369293877 0.45360259520581 -0.18521822690783 0.87174474133413 
-0.84618618788869 0.26711213304454 0.461107410271 -0.35679900632118 -0.9267060702176 -0.11794205573122 0.39580728203843 -0.26432360432297 0.87947122049733 
-0.8982025281655 -0.33586211408864 0.28359982143337 0.25816380549794 -0.92521675101983 -0.27807447413083 0.35578598613204 -0.17655198654281 0.91773946636277 
-0.51408237411097 -0.85773680022977 0.0026256732512855 0.78546763685024 -0.47199350506755 -0.4003282685934 0.34461558886587 -0.20373932537841 0.91636803916607 
0.10077213806718 -0.96649891108665 -0.23606107484648 0.94383238924974 0.16791524505223 -0.28457844521715 0.31468301065122 -0.19412450990886 0.92913415471615 
0.68908835791032 -0.66891142876688 -0.27877362762197 0.64345952737352 0.74172581144223 -0.18921590121517 0.33334227398388 -0.048993072014959 0.94153205323549 
0.89776021442206 -0.13457096459415 -0.41942490733038 0.079999125803983 0.98616672010984 -0.14517348249064 0.43315902076662 0.096777350842337 0.89610680562779 
0.74603541907547 0.49553048169735 -0.44483783021871 -0.4616994915043 0.86629469881485 0.19070153211233 0.47985907621883 0.063111302586073 0.87507270009773 
0.29958063861473 0.92267582812251 -0.2427359824288 -0.82146302400168 0.37884982415526 0.42622917654188 0.48523184269506 0.071708625255338 0.87144014820225 
-0.20523293483145 0.97090191022437 0.12340552330904 -0.8326152943378 -0.23947737971953 0.49940199863183 0.51442318580649 -0.00025558827296317 0.85753642522016 
-0.67205384632171 0.66045728593564 0.33487281331686 -0.57916023164418 -0.75060207398988 0.31807224431559 0.4614293594106 0.019816659068563 0.88695560559548 
-0.82717573681702 0.10332511418002 0.55236240024188 -0.096534403808255 -0.99446566786455 0.041462565286712 0.55358956755222 -0.019025147002117 0.83257229985086 
-0.73817625266274 -0.48735561365825 0.46645506304533 0.44419530068064 -0.87153702212487 -0.20763851742624 0.50772665368095 0.053923324281284 0.85982900639629 
-0.28139612013329 -0.92124060170864 0.2685739699551 0.80359079871789 -0.37920044651189 -0.4587470431307 0.52445977137422 0.086733932971468 0.84700600533966 
0.26711782489129 -0.96132786211908 -0.067058251833209 0.92653912972398 0.27533341846545 -0.25635278380875 0.2649024513207 0.0063443037214642 0.96425434460756 
0.80212562072996 -0.59011453423801 -0.091429344576192 0.59012333384823 0.8067613263788 -0.029843141714143 0.091372530973113 -0.030016641060862 0.9953642859994 
0.99908850267801 0.041650044210402 0.0093508092653144 -0.042453230081452 0.99237349879401 0.11572623793692 -0.0044594923807583 -0.11601772583812 0.99323713191714 
0.7910624277336 0.61083116239069 0.03324945835229 -0.60437823616742 0.7887975071533 -0.11191711377579 -0.094589550561535 0.068438174735931 0.99316113152065 
0.35765528695885 0.93380122765129 -0.0098976233187077 -0.92499153841034 0.35278460979868 -0.14118665998773 -0.12834854724403 0.059651373212847 0.98993351498682 
-0.20452523728987 0.97174396670467 -0.11782652708377 -0.97103659455154 -0.21660450323118 -0.10084850629394 -0.12352068390874 0.093787804927166 0.98790003962631 
-0.74033398415907 0.63097115155348 -0.23190730434032 -0.63135337224984 -0.77109673064697 -0.082478793239747 -0.23086470333921 0.085353605036847 0.9692348790976 
-0.92021315522892 0.092115170304021 -0.38042416372186 -0.069299471084864 -0.99490125098046 -0.073274034315688 -0.38523412653989 -0.041064536980155 0.9219047518869 
-0.8370944431425 -0.50737227046582 -0.20456361460992 0.45984369569382 -0.85515349002177 0.23928285361528 -0.29633877368744 0.10623505855393 0.94915617447472 
-0.36738791640013 -0.91661626468196 0.15760946102201 0.85706471251539 -0.26784283087188 0.44011395855096 -0.36120104850904 0.2967740576112 0.88400167493334 
0.21072390818822 -0.91616333472531 0.34094013935426 0.85228519284505 0.34299715667994 0.39492138529922 -0.4787539917066 0.20735885468082 0.85311014576693 
0.7091229554828 -0.49941073600774 0.49772839055809 0.54711799783079 0.83501910780833 0.05835225826455 -0.44475446086231 0.23093723466604 0.86536781959349 
0.84938994926723 0.22838142039997 0.4757926448569 -0.077231821062775 0.94560478634977 -0.31601714169931 -0.52208424597868 0.23167545154501 0.82082551449883 
0.46712765750388 0.86092246644309 0.20150498348311 -0.51509700687274 0.45020248434681 -0.72937836312757 -0.71865626352637 0.23691819233972 0.6537606175297 
0.16489661661851 0.89868451273664 -0.40641758376716 -0.58819928084731 -0.24116372032087 -0.77192076407602 -0.79172641224001 0.36634165278925 0.48883850256828 
-0.083897740640942 0.57478944101915 -0.81398910779463 -0.59602323829198 -0.68358299956507 -0.4212725746135 -0.79857214359834 0.44981260675808 0.39993893317638 
-0.40678680599343 -0.0031363477006881 -0.9135177380833 -0.38985694499553 -0.90376263275403 0.17670502561124 -0.8261574044384 0.42802250753976 0.36641598782123 
-0.51670208441917 -0.64051464339885 -0.56811965953355 0.012690006952129 -0.66921967820997 0.74295624771592 -0.85607121180453 0.37667759939795 0.35391533794308 
-0.40479721151553 -0.91203124415792 -0.06586522017712 0.25794807383442 -0.18299920821607 0.94866963743837 -0.8772696328691 0.36702901720715 0.30933427190279 
-0.19566629549373 -0.80928638168134 0.55386844397647 0.32945981358652 0.47771244359391 0.81439981119046 -0.92367252424185 0.34182798841038 0.17315511629758 
-0.20089473539278 -0.32107268854669 0.92550182817805 0.34590997211934 0.86065319330463 0.37366077134611 -0.91650837229123 0.39520679336768 -0.061838450790401 
-0.065436499378234 0.34989539372513 0.93450055002608 0.48055168009977 0.83180539398529 -0.27779465309878 -0.87452166771466 0.43089789972444 -0.22257325246015 
0.1479683339347 0.73235729208675 0.66464890647613 0.52361391767562 0.51211633120448 -0.68085632003379 -0.83900765036375 0.44876459312315 -0.30769547053878 
0.53262569208341 0.84262799717501 0.079296472238584 0.29026981155844 -0.093859558697082 -0.95233073022925 -0.79501780397075 0.53025318633462 -0.29458148236355 
0.50281331551785 0.67888148322987 -0.53506887544098 -0.073691297077695 -0.58309004546548 -0.80905845994843 -0.8612481422174 0.44623528615157 -0.24315778194467 
0.42153729411683 0.22948997908575 -0.87729166140336 -0.30144330009726 -0.87696658066261 -0.37424798359832 -0.85524163047364 0.42221317589595 -0.30049590280858 
0.16322413833244 -0.42029516222049 -0.89258605035018 -0.61065261852942 -0.75363038542224 0.2431966727805 -0.77489435418567 0.50536444154926 -0.37966501164687 
-0.10224172398411 -0.85802777683343 -0.50332391564387 -0.66767247939743 -0.31588113619036 0.67411613840235 -0.73740090190622 0.40497832285371 -0.54058530121205 
-0.40719673025005 -0.91020059377974 0.075668368270322 -0.50083882290044 0.29180350632394 0.81486881592856 -0.76377437528985 0.29391426093355 -0.57468522764251 
-0.62864163875845 -0.54570992528095 0.55408516265012 -0.12135365076511 0.77257676457561 0.62321620187855 -0.76816858922057 0.32453939712738 -0.55189781504107 
-0.55050998195417 -0.022283465976893 0.83453112998437 0.2604529096926 0.94516453593519 0.19704893261075 -0.79316016138076 0.32583346536917 -0.51451871806967 
-0.32201554798109 0.62677920046147 0.70954479825268 0.36762305381811 0.77343758603619 -0.51637930904317 -0.87244442640201 0.094562859386777 -0.47947741183993 
-0.041319655453662 0.98558215276422 0.16407469709197 0.53107201937408 0.16076127194668 -0.83193649017217 -0.84631861394578 0.052760151579568 -0.53005770449468 
0.29177533382433 0.8379891125019 -0.46113056925343 0.56433426476894 -0.54007570526017 -0.62437574440029 -0.77226549332429 -0.078054339507939 -0.63048673888081 
0.67653517594315 0.3816582565929 -0.62979133916408 0.30379311911279 -0.9236997040251 -0.23342792798558 -0.67082776961852 -0.033404070985139 -0.74086049398676 
0.73033185540291 -0.21780726055757 -0.64743754774662 -0.090732923500998 -0.97033670270326 0.22408529621524 -0.67703981978666 -0.10491272866205 -0.728430093961 
0.65147995181199 -0.70211882096563 -0.28740743489489 -0.51974485469834 -0.68901661551586 0.50509542618959 -0.55266550317674 -0.17968100842587 -0.8138031560577 
0.25344030946497 -0.96299627063206 0.091685289370984 -0.86577684238151 -0.18352885114966 0.46556161782482 -0.43150720588917 -0.197371080821 -0.88025347924408 
-0.27136367336127 -0.89756086874319 0.34748560212024 -0.86547826680032 0.38550827585169 0.31989176129789 -0.421080902531 -0.21393423323733 -0.88143236687387 
-0.72705532399397 -0.48145380570939 0.48948216394475 -0.52111397288285 0.8511478116847 0.063147683493823 -0.44702436524008 -0.20916413562648 -0.86972385344395 
-0.85451871302212 0.18499637494973 0.4853597741372 0.14522447554807 0.98225165967716 -0.11870774516978 -0.49870594622165 -0.030951870977077 -0.86621842562152 
-0.63332311203287 0.69019495893436 0.35004678891063 0.55706126308065 0.720562163259 -0.41288366164633 -0.53720069335398 -0.066491259133503 -0.84082954724419 
-0.23143595299687 0.97148216181996 -0.051573335417583 0.80419289005451 0.16121209198342 -0.57208780530978 -0.54745885255987 -0.17387659607901 -0.81856932149321 
0.28632071064463 0.89729996327095 -0.33596610925814 0.80895058053497 -0.41429363815961 -0.41708481107888 -0.51343880736482 -0.15235995961727 -0.8444921750954 
0.73261353482293 0.52880511456901 -0.4285353654017 0.57505528093572 -0.8177034845758 -0.025931355161932 -0.36412749479026 -0.22743386317406 -0.90315281399082 
0.93094059605578 0.0095736814482319 -0.36504513589268 0.025620970031242 -0.99890515647172 0.039141464828538 -0.36427074067246 -0.045791189084764 -0.93016664877441 
0.75516193655353 -0.56160440973263 -0.33812857990657 -0.54368038491061 -0.82474275907844 0.15559890877242 -0.36625413123155 0.066331503198667 -0.92814764075509 
0.31112683351517 -0.92683791494181 -0.21017034256328 -0.87591379327002 -0.36545837169222 0.3149844525043 -0.36874804436933 0.086090986673296 -0.92553401978934 
-0.26265825761427 -0.95762133624385 -0.11820328285496 -0.93297850223067 0.22081426192369 0.28423964555727 -0.24609297853149 0.1849390118437 -0.95143880928616 
-0.81646091882842 -0.57693375779475 0.023216527363522 -0.55769417645716 0.79837271033301 0.22710839029259 -0.14956193891394 0.17247740290371 -0.97359271356966 
-0.98235740342116 0.035414437713524 0.18362938094205 0.050133628770951 0.99583572466159 0.076143474795834 -0.18016811929414 0.08400611340345 -0.98004205098602 
-0.82143409024118 0.52100435041239 0.23194935274973 0.53172457271434 0.84670850893744 -0.018806372983417 -0.20619169275553 0.10788497459984 -0.97254604934378 
-0.27785962247486 0.92302046807883 0.26613388680457 0.94824357279745 0.30787453959598 -0.077764995447161 -0.15371453036862 0.23075199538934 -0.96079412975803 
0.413024543846 0.90031807494437 0.13725192206052 0.90187005515084 -0.38338068811329 -0.1991222026896 -0.12665358187977 0.20602575545377 -0.97031554573082 
0.89396318589889 0.44719502696182 0.029093472089643 0.4374499569277 -0.85670115850649 -0.27331421514018 -0.097300346564521 0.25705978463063 -0.96148474230437 
0.95871571212776 -0.2208339635467 -0.17915508327596 -0.24460914681718 -0.96172154222487 -0.12352344115178 -0.14501913188508 0.1622468359164 -0.9760355606342 
0.6215800405655 -0.73693303625472 -0.26564629349384 -0.78037016858387 -0.61207722145582 -0.12799951155893 -0.068268976519483 0.28686438442463 -0.95553554187885 
0.17455367462928 -0.97238014858222 -0.15494470406154 -0.9835255183825 -0.17969302811288 0.019696962660021 -0.046995418540795 0.14895389317142 -0.98772676806153 
-0.44170738333709 -0.89708054579169 -0.011877788835409 -0.89595668627744 0.44039145026176 0.057593288247664 -0.046434941804013 0.03608136497493 -0.99826946827056 
-0.85786919036453 -0.4937642733752 0.14232812287676 -0.50142662771084 0.8649281190381 -0.021695297180187 -0.11239123295818 -0.089978837709167 -0.98958173968537 
-0.99645171682391 0.080501139600986 0.024567103243669 0.077154412198867 0.99029737255507 -0.1155781579225 -0.033632911219175 -0.11327259347899 -0.99299453515592 
-0.73501180434162 0.67801042201198 0.0077146044427256 0.65823700808541 0.71621423392755 -0.23186464220813 -0.16273195342416 -0.16534521088545 -0.97271746801011 
-0.25808534873874 0.93400606273948 -0.24703163265548 0.96591267939312 0.25477579648284 -0.045847457009084 0.020115878158575 -0.25044354312407 -0.96792219891553 
0.39549746606971 0.83912511414911 -0.37343111431256 0.91789958087901 -0.3468188029974 0.1928135817563 0.032281786732868 -0.4190295463231 -0.90739854835326 
0.8343055666125 0.50915604788018 -0.21141036026278 0.55121988708446 -0.77703916757019 0.30391901576649 -0.0095319254110102 -0.37009492156589 -0.9289450422006 
0.99077206301575 0.042535534193668 0.12869128749999 -0.015401282600903 -0.90799982268875 0.41868738038229 0.13466075761637 -0.41680577050707 -0.89896575576058 
0.74859430796228 -0.44508777312814 0.49142999124846 -0.6319614672243 -0.70320394185222 0.32577433923996 0.20057733179571 -0.55443763434257 -0.80769279035681 
0.28205762344341 -0.74765714808557 0.60120902020345 -0.92263741954632 -0.38318783693284 -0.043672344563738 0.26302792458309 -0.54237982129059 -0.79789751243271 
-0.31020182650334 -0.819739985109 0.48145735392396 -0.93568354252319 0.17369126498726 -0.307128072176 0.16814022447162 -0.54576341145282 -0.82089656086142 
-0.86279416508012 -0.4731194047015 0.17816918251645 -0.48459810786165 0.67354813126043 -0.55811969032862 0.14405173570832 -0.56788286095861 -0.81040616586309 
-0.97738242220431 0.037594334840586 -0.20811118844009 0.14583798339288 0.83246604201672 -0.53453865294196 0.15314987223617 -0.55279919941779 -0.81912035852922 
-0.72769593700509 0.37536656019921 -0.57407191949312 0.6444544225452 0.66070422200254 -0.38490054337458 0.23481294795687 -0.65005374894106 -0.72269841770929 
