###############################################################
snapshot: -1 
type:     linear 
num_bp:   100 
sequence: aaaaaaaaaaaaaaaaaaaaaaaaaaaaaaaaaaaaaaaaaaaaaaaaaaaaaaaaaaaaaaaaaaaaaaaaaaaaaaaaaaaaaaaaaaaaaaaaaaaa 
dLK:      0 
0 0 0 
-0.064504286511281 -0.30929923576995 0.12559132045566 
-0.13653984654238 -0.61068419269706 0.26551267632764 
-0.20130464073185 -0.91130935851164 0.41053002395387 
-0.28923430678692 -1.2223576021261 0.51596893504356 
-0.36533588042099 -1.5401859989168 0.60974345548446 
-0.42299799153429 -1.8668739292973 0.68424229497635 
-0.52134459385451 -2.1870755007602 0.74254237597765 
-0.61647579780038 -2.5049478389562 0.81675309383993 
-0.76359882606465 -2.7818261130506 0.94825684241325 
-0.90184812771045 -3.0575678084653 1.091273093253 
-1.0751603290951 -3.324225844485 1.211507749976 
-1.2917540090206 -3.5704699534875 1.3012352073007 
-1.5214068608701 -3.8201087741718 1.3244736849774 
-1.7427122250229 -4.0759712655087 1.2904395649791 
-2.0061032542289 -4.2906255315119 1.2782448193713 
-2.2762696112952 -4.4919990166843 1.3236194706544 
-2.5297203211009 -4.7172445183738 1.3486634652958 
-2.8063792650625 -4.9148787274906 1.3494038117152 
-3.0697072696458 -5.1297648361716 1.3584769753374 
-3.3586977916178 -5.3060574421347 1.3901849442589 
-3.6282393238365 -5.5132284150384 1.3849360972113 
-3.9200446560539 -5.6746858280732 1.318745827038 
-4.2085152903276 -5.8507281375176 1.2814122168836 
-4.5039837528849 -6.0063743290121 1.2175948939427 
-4.8178353828281 -6.1284517492044 1.1707519877439 
-5.1395314606827 -6.233201703533 1.1370017201722 
-5.4594011974965 -6.3396711034387 1.0928698909059 
-5.7668336272762 -6.4533883228104 1.0025720773217 
-6.0667441593978 -6.5871066994818 0.9144070703013 
-6.3777721357058 -6.6761886029751 0.80987950253176 
-6.7087183879269 -6.7175165858764 0.74379943011877 
-7.0423115556765 -6.7266269278913 0.67874099408501 
-7.3806684674672 -6.7509019217961 0.65582102649337 
-7.7199166670527 -6.7716946124793 0.66467105994534 
-8.0579605457189 -6.8012932349483 0.68589033524542 
-8.3877839583158 -6.8771307090219 0.71852764562941 
-8.7163802844201 -6.9623050786105 0.73775734235003 
-9.050565744878 -7.0233080435828 0.75185401866386 
-9.3903881085852 -7.0310177128113 0.75968486311669 
-9.7278564036484 -6.9945901145826 0.73998258115688 
-10.05782791017 -6.9126458357376 0.73799762562877 
-10.38702266913 -6.8313243406073 0.76284968999598 
-10.705542410943 -6.7374173843962 0.83583364474115 
-11.018667580767 -6.6301283655217 0.91356198224768 
-11.308883943398 -6.5256871615709 1.0566231502088 
-11.580072812151 -6.4681742660335 1.2534704623863 
-11.854621028667 -6.387361246302 1.4370257201429 
-12.118812664383 -6.2733494806426 1.61814473325 
-12.393520365281 -6.1417454031499 1.7691945457444 
-12.659209306553 -5.9881066185499 1.9154973493816 
-12.900946545327 -5.8165021892812 2.0819756580155 
-13.122449694988 -5.6312098373065 2.261427877255 
-13.330219711782 -5.4166845217634 2.423940981688 
-13.509100773472 -5.1706951414876 2.5758975233706 
-13.727187003771 -4.9424347373281 2.7021337465664 
-13.90546246329 -4.6964084997902 2.854740925219 
-14.042416291752 -4.4386537670923 3.0291145087727 
-14.11432174812 -4.135875899266 3.1660640180787 
-14.143293769979 -3.8219585181888 3.2934080395598 
-14.144254932925 -3.519906917905 3.4494974592263 
-14.114696959907 -3.2052699356748 3.5749163399584 
-14.015871945207 -2.9394377148372 3.7624445960535 
-13.861731504513 -2.6963704458303 3.9434391464696 
-13.704040571695 -2.4759480711473 4.1487378226609 
-13.503064436073 -2.3008909102874 4.3598387069376 
-13.268934164052 -2.1423262860643 4.5486250297157 
-13.039284406054 -1.9419465544985 4.6993199262087 
-12.815151267115 -1.7232769456617 4.831788557215 
-12.554102641071 -1.5122185061967 4.8857139683952 
-12.253690737564 -1.3673572510895 4.9518040962548 
-11.948366134452 -1.2207185686403 4.9813673089282 
-11.647955771858 -1.0618481637116 4.9706992029846 
-11.330820461833 -0.94524802701737 4.9328891083278 
-11.004223346096 -0.85688225953699 4.8993359396291 
-10.668446071948 -0.81786731914069 4.8628468098541 
-10.330280702444 -0.79020469604719 4.8409616058985 
-9.9997506172538 -0.72033673279429 4.802642805098 
-9.6741265074675 -0.67217261579594 4.7175008239157 
-9.3460653523851 -0.63682022250084 4.6354881004252 
-9.0210810741822 -0.58082316017887 4.5527261047251 
-8.7097109521151 -0.54467767694472 4.4210365032917 
-8.4165487297633 -0.52559437436642 4.2498882080957 
-8.10518522186 -0.48647832887598 4.1190344693975 
-7.7789231703817 -0.48528092988254 4.0233702650113 
-7.4554878729276 -0.54129714422287 3.9347599264959 
-7.1360958504444 -0.59930300116324 3.8336458496587 
-6.8344805706115 -0.68382492833323 3.7014177633878 
-6.5310729869861 -0.760738376792 3.5686466835369 
-6.211762208402 -0.8226132514219 3.4695905046809 
-5.8882518107908 -0.88084371110932 3.3826984095165 
-5.5927244211493 -1.0197706521152 3.2880259899088 
-5.3064069653945 -1.1584824337854 3.1681036977527 
-5.0622313862583 -1.3162188937332 2.9917588771407 
-4.8320652805797 -1.5289314287749 2.8599372505657 
-4.5700053777162 -1.7190874888475 2.7561813826406 
-4.28354980328 -1.8684530824916 2.6501949528028 
-4.005753844057 -2.0321795840265 2.542384759711 
-3.690138800292 -2.1431507913659 2.481783313434 
-3.4037162272436 -2.3004811772224 2.3879256587935 
0.98016060328184 -0.15349413061606 0.12539833986381 -0.0573767062954 0.38584822019821 0.92077633795866 -0.18971848973906 -0.9097036346175 0.36938623663428 
0.7155012490207 0.14614626207787 0.68315388656618 -0.66570967006732 0.43919199322731 0.60327525082988 -0.2118692942091 -0.88642634390325 0.41153339962347 
0.22695348462842 0.38304278386982 0.89541629510539 -0.95509564921561 0.26736366012278 0.12770659378096 -0.19048468879256 -0.88419166416056 0.42652161066538 
-0.32459385018194 0.38467056947893 0.86409917567418 -0.90981110845969 0.12280920542912 -0.39643618147839 -0.25861666486786 -0.91484777533676 0.31011444438144 
-0.80317162224909 0.33721737034207 0.49112095287553 -0.5521017125614 -0.1115939892637 -0.82627506349095 -0.22382815774728 -0.93478940232534 0.27580741306149 
-0.98318732207318 0.14969065538489 -0.10457245050672 0.067678756829138 -0.23316524340616 -0.97007914890558 -0.16959444445088 -0.9608468540604 0.21911423379967 
-0.67168297121285 0.072053191392298 -0.73732647029169 0.68203643404125 -0.32844919053779 -0.65341214549116 -0.28925471270652 -0.94176932783204 0.1714708264744 
-0.21205242613563 -0.16155051667965 -0.96381284445192 0.93634771253843 -0.31595658540933 -0.15305030990013 -0.27979765866432 -0.93491864175286 0.21826681724199 
0.31158709836737 -0.53767455285585 -0.78346637154523 0.84597363522794 -0.21850315788992 0.48640001900837 -0.43271478901257 -0.81434786498359 0.386775731098 
0.67441420616912 -0.57704545788188 -0.46063436482217 0.6163028784492 0.096381800084316 0.78158896526735 -0.40661559307588 -0.81100498651388 0.42063603188169 
0.85926102594663 -0.48457258117311 0.16388991080713 0.042823106515982 0.38740316387308 0.92091528935587 -0.50974176877852 -0.78428834123448 0.35363134330287 
0.66079009511689 -0.33681062162241 0.67075707626361 -0.39690828801031 0.60168458395329 0.69313741230848 -0.63704023507478 -0.72424737941897 0.26390428624905 
0.17849775115567 -0.072865375073841 0.98123859990712 -0.71547637205491 0.67497723182085 0.18027561552968 -0.67544956426333 -0.73423182554206 0.068348463755072 
-0.40275872519985 0.23053513637538 0.88579848733883 -0.64351925675813 0.61688086938331 -0.45314562689085 -0.65089812986123 -0.75253673922623 -0.10010035293609 
-0.58520528096658 0.69427383050709 0.41894943298903 -0.23959644201617 0.34554103491175 -0.90730090827974 -0.77467949766471 -0.63133607647995 -0.035866898846577 
-0.60667419076334 0.78305957637757 -0.13698221090707 -0.023371970573767 -0.18981063162357 -0.98154249786452 -0.79460693254786 -0.59227495638935 0.13345485671513 
-0.52508549292902 0.51555071387758 -0.67712088029819 0.41060877373979 -0.5434323706089 -0.73217599899359 -0.74544326413441 -0.6624867696752 0.073658807768818 
-0.10439392008039 0.14244903493941 -0.98428155620995 0.57183013316713 -0.8011399516673 -0.17659296884229 -0.81370277635772 -0.5812770856376 0.0021774894686535 
0.28854753263678 -0.39050688309872 -0.87421089884634 0.56293797372218 -0.66937109588765 0.48481251400075 -0.7744941311274 -0.63201796670874 0.026685775359395 
0.42924738974768 -0.78423244386573 -0.44802472295974 0.30544077618766 -0.34077745779621 0.88914377718107 -0.84997212344682 -0.51850766459748 0.093258732122016 
0.60069259332328 -0.78533016656088 0.14974958369251 -0.10337013197537 0.10944349615479 0.98860342755061 -0.79276921240798 -0.60932639089318 -0.015437785434041 
0.23493334953095 -0.70075091839914 0.67361299842039 -0.45630207271936 0.53239283209369 0.71298407469401 -0.85825097710996 -0.47487474422004 -0.19467726521548 
-0.058453884890002 -0.11452629763005 0.99169898179461 -0.52604899757927 0.84781861422772 0.066903284783344 -0.84844304198169 -0.51777149836598 -0.10980473574844 
-0.39179902029886 0.40505629719477 0.82608893213483 -0.30214113998585 0.79143173917578 -0.53136290212366 -0.86902488987423 -0.45778291616015 -0.18769800864963 
-0.38413132399569 0.84358969391547 0.37523266681475 -0.018503655983108 0.39929768136975 -0.91663459260929 -0.92309302924493 -0.35905123585958 -0.13777325352586 
-0.27912582858427 0.93187788842645 -0.23171614721253 0.16389230563606 -0.19153413039101 -0.96770552806555 -0.94616493486624 -0.30808810096665 -0.099265492857924 
-0.12777431663803 0.68225972050624 -0.71985790110438 0.31397708308425 -0.66065247953853 -0.68187732956707 -0.94079334356997 -0.31314529384028 -0.12979949784217 
0.21283526100893 0.18624158616821 -0.95917424029882 0.37027010449769 -0.92382301764684 -0.097216674398625 -0.90421302876399 -0.33446240991687 -0.26558180465922 
0.42718272051813 -0.43576617595845 -0.79222645953116 0.19857620047628 -0.80958713703617 0.55239131071185 -0.88208980035773 -0.39328934315093 -0.25930884417768 
0.36114505561839 -0.87142613146216 -0.33194991520911 -0.18093330500377 -0.41469213129073 0.89179233871226 -0.9147881656115 -0.2620055985098 -0.30743402285158 
0.072206140686219 -0.9672555836595 0.24331647935712 -0.21756499502518 0.22280379394607 0.95027571911681 -0.97337133006216 -0.12155289088611 -0.19435315415585 
-0.12336221347594 -0.67533508939699 0.72712054111782 -0.14870753391347 0.73702410976973 0.65930382296444 -0.98115637573413 -0.026795123573424 -0.19134834127579 
-0.055477480391454 -0.15763092347655 0.985938507785 -0.081019255660334 0.98491367871257 0.15290822638787 -0.99516738761967 -0.071397040896467 -0.067411669387154 
-0.011243905017853 0.54130359482006 0.84075204004203 -0.06550603538736 0.83860031454885 -0.54079429709123 -0.99778882231049 -0.061154972597643 0.026029510152843 
-0.054688015643305 0.91353965253477 0.40305647766978 -0.092101664414364 0.39732451462785 -0.91304463937304 -0.99424670195938 -0.087054771967434 0.062409633235531 
-0.23770943761534 0.95301876881527 -0.18774836764781 -0.049604727634475 -0.20494707065807 -0.97751525268151 -0.97006886057893 -0.22305139433432 0.095992089364667 
-0.21943569162073 0.69109036079275 -0.6886523727268 0.13342962843553 -0.67796565129579 -0.72288250076943 -0.96645978265964 -0.25051285173105 0.056557931531254 
-0.064670535120877 0.12551017446402 -0.98998228165618 0.17241934749282 -0.97573330659154 -0.13496697010043 -0.98289841311163 -0.17942048521263 0.041460812687738 
-0.0087201510242955 -0.4969892124802 -0.86771290277629 0.031122425539486 -0.86746039937333 0.49653182188815 -0.99947754031529 -0.022675497731039 0.023031895449472 
-0.072727016663794 -0.90289396197664 -0.4236664660713 -0.097712421257909 -0.41629738762385 0.90396281327798 -0.99255380900944 0.10713999479035 -0.057947888117078 
-0.23970978771982 -0.96211105495582 0.12992896368068 0.025697610507955 0.12749608574935 0.99150611744599 -0.97050443094582 0.24101258483826 -0.005838104494424 
-0.11481762948093 -0.68473014836042 0.71969544662079 0.222187257291 0.68843092340082 0.69043152187816 -0.96821987929288 0.23918086803047 0.073094306962379 
0.1805660318139 -0.14375500434233 0.97300072296042 0.29959807357562 0.95028930045916 0.084801177719868 -0.93682277003965 0.27619693003259 0.21465869042697 
0.35804779338919 0.45378682485648 0.81601427391668 0.15375669222838 0.83336784655039 -0.53090197958844 -0.92095638183582 0.3155559378662 0.22861275737215 
0.44529867641505 0.84940310934683 0.28323743858284 -0.27039688765724 0.42913261154699 -0.86181826671992 -0.85357753715073 0.30718001161988 0.42076814106218 
0.061690435453864 0.9777145143933 -0.2006704226292 -0.6000047390863 -0.12434114264356 -0.79027437850416 -0.7976143198611 0.16915557510997 0.5789626828749 
-0.27643695070303 0.65601994377359 -0.70229655107897 -0.52109004386053 -0.71634035677462 -0.4640276494408 -0.80749475445695 0.23768535215152 0.53986840516662 
-0.50557498410398 0.1716748458568 -0.84553041503449 -0.37498233586373 -0.92632736931825 0.036136583154953 -0.77703422269447 0.33532872252759 0.53270297972658 
-0.5869976599774 -0.46314547967688 -0.66402561082838 -0.051266000240488 -0.79729069224215 0.60141445716195 -0.80796382617071 0.38707081615505 0.44426415439538 
-0.56106871135607 -0.81061364462476 -0.16765267753741 0.27305028018646 -0.37243937617923 0.88697939973901 -0.78143806256625 0.45187877823531 0.43030236363888 
-0.27694152581503 -0.8410082288727 0.46476720005571 0.64636981646554 0.19484347884036 0.73772764562254 -0.71099187874514 0.50471890961379 0.4896420842173 
0.15401871444481 -0.58620245790419 0.7953897874299 0.74286757777688 0.59947159775113 0.29796235563863 -0.65147985194381 0.54497750580809 0.52780064482191 
0.53885547125732 -0.1107321534109 0.83508872061422 0.57983263913996 0.76787492053371 -0.27232740773451 -0.61108828468894 0.63095681042075 0.47797971892073 
0.83680725072209 0.34682249217865 0.42363638188661 0.15149442515708 0.59687900481486 -0.78789903715994 -0.52612076967677 0.72349817728184 0.44693100494874 
0.69884364177485 0.71097937718033 -0.078268062293645 -0.3165201496392 0.20926528024596 -0.92521513031078 -0.64143008911593 0.67135412988067 0.37128300939956 
0.43494416606382 0.68076316566217 -0.58939382816985 -0.73204615298516 -0.11382015735337 -0.67167953793427 -0.52433958681999 0.72360658099388 0.44884464309571 
-0.084619727764632 0.52708704773829 -0.84558781080361 -0.91136563972116 -0.38400568576522 -0.14816309944015 -0.40280537783 0.75810215499399 0.51286348104026 
-0.60913648979079 0.20219589950309 -0.76685693256928 -0.76434687115217 -0.40753570906547 0.49968840930762 -0.21148663637516 0.89052314066545 0.4027926744295 
-0.94926961982544 0.038972181376445 -0.31203903274303 -0.30269808898512 -0.38213003687058 0.87312685323844 -0.085211828998091 0.92328641493311 0.37454123965028 
-0.92582608982454 -0.17583335654827 0.33455744219071 0.37793922759467 -0.42408850840024 0.8229889897733 -0.0028269498412297 0.88838705965799 0.45908652843092 
-0.55397705925206 -0.26284365702423 0.78995102999146 0.82798048664028 -0.27302509986188 0.48980160125134 0.086935214760192 0.92540288891245 0.36887906097668 
0.038789564332006 -0.58559582392099 0.80967456468959 0.95603926859914 -0.21394694530503 -0.20053832923201 0.29066180794087 0.78185947305188 0.55155369439756 
0.53328724382123 -0.69610347998812 0.48067105251517 0.71419510714414 0.065974226690092 -0.69683050331059 0.45335423733435 0.71490373237316 0.53233691298826 
0.81296828107801 -0.58230747678628 0.00075923642898945 0.35210090240346 0.49053407997111 -0.79712061252585 0.46379686123103 0.64830110200879 0.60381963585696 
0.79346904886931 -0.23288473787115 -0.56229135450682 -0.14491457057916 0.82502694524858 -0.54619621643478 0.59110628123905 0.51487400252926 0.62088495375492 
0.51777404976931 0.21984512401799 -0.82678785358219 -0.507656052528 0.85683742338014 -0.090083085132841 0.68861844712239 0.4663665418326 0.55525389052389 
0.06540040412905 0.5508016989726 -0.83206987419844 -0.73450865603142 0.59100044817075 0.33348988661865 0.67544046470045 0.58935215166393 0.44322028380297 
-0.39237386039951 0.73620977348703 -0.55139633939429 -0.64146565493142 0.21061460064102 0.73767425300085 0.65921511452538 0.64314590834355 0.38961362060666 
-0.62426392624434 0.78052174543407 -0.032868758640342 -0.14419760283356 -0.073774543014247 0.98679499803153 0.76779007660104 0.62076011607351 0.15860415053002 
-0.44896914883418 0.65260563181564 0.61035448119731 0.1331939016411 -0.62655935282802 0.76790804263879 0.88356442207726 0.42606251502132 0.19438272899878 
-0.20911952731667 0.24453464106043 0.94682196458274 0.38709263470782 -0.86844201651453 0.30978662996829 0.8980135385671 0.43129024249761 0.08695062551002 
0.16301960420144 -0.24406375236677 0.95595893919488 0.4390290758762 -0.84976200575359 -0.29181844375045 0.88355988997997 0.46726589684925 -0.031376782186979 
0.3399371875461 -0.73387165037983 0.58811147692599 0.12007682951217 -0.586364625891 -0.80109804675707 0.93275091183953 0.3429415785123 -0.11120616075544 
0.26379793677831 -0.96415595214607 0.028529782556842 -0.08773362112495 -0.053438239325763 -0.99470958892639 0.96057975216841 0.25989931611879 -0.098685790290192 
0.050438348903839 -0.87846621327496 -0.47513480728552 -0.14879948189875 0.46382064407148 -0.87334364617814 0.98758021808182 0.11474982469499 -0.10732096992639 
-0.024590113541552 -0.41788769746612 -0.90816584312691 -0.10078766739528 0.90484822812231 -0.41363211935844 0.99460402795136 0.08136065615734 -0.064368246928174 
-0.16604484596952 0.26450858278457 -0.94998122021454 -0.1654047096798 0.94223533242242 0.29126252822929 0.9721473093841 0.20549400956735 -0.11270235529586 
-0.26999892346712 0.74318069721827 -0.612195256931 0.099382449873325 0.65392287886651 0.75000533141576 0.95771796995967 0.14165916764221 -0.25041759171264 
-0.13686168217127 0.98282264181971 -0.12380845964546 0.22419716530891 0.15247395757823 0.9625421150931 0.96488575024237 0.10397762733854 -0.24121389261886 
-0.031640565229523 0.88108389668736 0.47190045733198 0.29219206172981 -0.44335762701815 0.84738292030638 0.95583611236134 0.16469724212342 -0.24341763441231 
0.24272268453907 0.62184179576129 0.74457939768335 0.32000964815842 -0.77589362215032 0.5436753739061 0.91579447666805 0.10631024480633 -0.38732235715684 
0.5011655767479 0.049274086323298 0.86394741107313 0.07329454626126 -0.99720699146045 0.014357077376429 0.86224183044629 0.0561273605244 -0.50337733881184 
0.38093514626945 -0.55273248950846 0.74119849526184 -0.12745399615889 -0.82537926949504 -0.55000412757621 0.91577502324527 0.11504719261895 -0.38486393734764 
0.12414453525763 -0.90264339753414 0.41209590055429 -0.25252123309714 -0.43037482974985 -0.86660863874811 0.9595942690538 0.0035217617454289 -0.28136530701818 
-0.20019214061204 -0.97290294812106 -0.11568474564323 -0.23449717078756 0.16222242195815 -0.95848576552114 0.95128028662947 -0.16475357158921 -0.26061864269232 
-0.32850498245465 -0.69620005794579 -0.63827106766551 -0.098153429156102 0.69727989773999 -0.7100469340492 0.93938830142144 -0.17060546158934 -0.29739434363908 
-0.4421390668352 -0.2157684445829 -0.87060727305736 0.13251398830051 0.94426958517903 -0.30132207587649 0.88710376421416 -0.24859390344114 -0.3889061360908 
-0.31176657344809 0.31660990102068 -0.89585700547361 0.32629438254978 0.9211864527139 0.21200824336029 0.89237524595709 -0.22621602487872 -0.39050317603211 
-0.031156437540238 0.79951053999567 -0.59984345694158 0.34209322865555 0.57241976151201 0.74518980101619 0.93914934877682 -0.18198492538207 -0.2913417025176 
0.16102335653641 0.98508582493032 -0.06064153832997 0.26213928205303 0.016548562814838 0.9648881499291 0.95150116944463 -0.17126605790417 -0.25556498577755 
0.49361347063586 0.75005360541821 0.44018783559521 0.028986588803468 -0.52005630476903 0.85363998122125 0.86919820482812 -0.40860865001745 -0.27844829296393 
0.47683412222104 0.25770920990487 0.84036610058707 -0.25195176442979 -0.87586624922844 0.41155634105579 0.84211016398475 -0.40797582844169 -0.35271262398853 
0.28159711791829 -0.48783390118018 0.82626941613464 -0.63635233663595 -0.7394500189744 -0.21970292009113 0.71816346804757 -0.46393076455221 -0.51866123709409 
-0.26802698208045 -0.70014101701088 0.66178855624432 -0.68548367398396 -0.34408688832231 -0.64165126508579 0.67695913434886 -0.62562510306389 -0.38771066639695 
-0.55581996878633 -0.82438540367856 0.10701807557677 -0.31142634903449 0.087130696415521 -0.94626733583553 0.77076442018656 -0.55928252962516 -0.30516431742693 
-0.53861438119607 -0.6786708442198 -0.49929994349567 0.0077892136849834 0.58856784544782 -0.80841030390213 0.84251639540072 -0.43931056954153 -0.31172479364044 
-0.42124721665443 -0.12305226308233 -0.89855935975939 0.39368144750463 0.86773795008842 -0.30339045447555 0.81704693889124 -0.48154853392628 -0.31708880321123 
-0.0093651224037686 0.45862024301473 -0.88858301085462 0.37176523398343 0.82652266418223 0.42267114450171 0.92827954048536 -0.3263859039393 -0.17823954787344 
0.28624156063882 0.8183828207177 -0.49831247999331 0.45650349089751 0.34077053282227 0.82187590715296 0.84241933249509 -0.46273642898965 -0.2760519254134 
0.42422251906071 0.89292809596965 0.15071386714506 0.11117820060827 -0.21652967296006 0.969924898349 0.89870721707984 -0.39470788712141 -0.19113090229692 
