###############################################################
snapshot: -1 
type:     linear 
num_bp:   100 
sequence: aaaaaaaaaaaaaaaaaaaaaaaaaaaaaaaaaaaaaaaaaaaaaaaaaaaaaaaaaaaaaaaaaaaaaaaaaaaaaaaaaaaaaaaaaaaaaaaaaaaa 
dLK:      0 
0 0 0 
-0.092991784621329 -0.31746908219896 -0.078523307627055 
-0.17231961197914 -0.62258462070147 -0.20584810478381 
-0.23545804604217 -0.93413229085489 -0.32647806526645 
-0.2889675973607 -1.2538154554351 -0.42913965595014 
-0.39967339528901 -1.5622813216073 -0.51965504531368 
-0.5134648698004 -1.8692983195492 -0.6112632507503 
-0.64572659829543 -2.1770755354298 -0.66940119498892 
-0.74712368422614 -2.4931476222179 -0.74300192133138 
-0.8645566600956 -2.8102687436649 -0.778267917853 
-0.99334402830397 -3.1239029782735 -0.80371159430541 
-1.1451617181682 -3.4269846807374 -0.8300340310453 
-1.3047479187528 -3.7254730515949 -0.79783252415873 
-1.5010307903582 -3.9928510364934 -0.72311942285789 
-1.7209315122023 -4.2394309418681 -0.64285721009337 
-1.9587813127357 -4.4622576047751 -0.54602875000085 
-2.1874727764697 -4.6976093364589 -0.45709182398777 
-2.398851496253 -4.936555238367 -0.33951677227986 
-2.600255066894 -5.1476745698515 -0.16497385604834 
-2.7516639382857 -5.3641673590968 0.049050034834594 
-2.9313431982657 -5.5748285926634 0.24637516806722 
-3.1010177773771 -5.8023124191634 0.43362272047918 
-3.2519789663808 -6.0146967476945 0.65203429620034 
-3.4434982715081 -6.2187290094101 0.84514357081651 
-3.6233042665075 -6.4514716712432 1.0157327191381 
-3.8288614708613 -6.6549403651389 1.1944691909132 
-4.0535546382575 -6.841731161781 1.3683144635418 
-4.2748248438644 -7.0224120653838 1.5526888304802 
-4.5038750482385 -7.2218578432567 1.7055200627754 
-4.7453850035862 -7.4135362574332 1.8488111197424 
-4.9956888048353 -7.5635093380707 2.0233278300149 
-5.2669554321887 -7.7082405158139 2.1684736293801 
-5.5581307588627 -7.858178922233 2.2597720599078 
-5.8527089760719 -7.9753374137058 2.3826441959749 
-6.1538918370394 -8.0895269219516 2.4915002498534 
-6.4402112354248 -8.218384496733 2.6219491959193 
-6.7127416349112 -8.3507012118275 2.7762847662275 
-6.9962934171919 -8.4537061839069 2.933091534233 
-7.301859217168 -8.4807335245841 3.0797171279773 
-7.6038828150593 -8.4598064561923 3.2344549841254 
-7.9186967686231 -8.428608609749 3.3590297368598 
-8.2186710679651 -8.3541574889907 3.5007070122151 
-8.5087721283662 -8.2808261452563 3.6621501563256 
-8.794728645846 -8.1216590991142 3.7543169699477 
-9.0288613937031 -7.9122432640438 3.8844202535444 
-9.254672622813 -7.7008903652875 4.0256266308621 
-9.4832565883824 -7.5273118174849 4.2078897879381 
-9.6576933397621 -7.3148362162495 4.4079546240482 
-9.8489737828311 -7.1114723374154 4.6020033933947 
-10.026102305466 -6.8764328971392 4.7722442462588 
-10.164600203184 -6.6188322570948 4.9456231451371 
-10.292780046357 -6.3395508501603 5.091128552408 
-10.367715505619 -6.0376632537005 5.2284185959248 
-10.436145706638 -5.7319511621675 5.3605451438968 
-10.465047738312 -5.4233602644074 5.5003175674458 
-10.44859457977 -5.1171155132859 5.6470944252422 
-10.405739175079 -4.8073903436868 5.7806374280746 
-10.362828767262 -4.4832624878728 5.8739103072326 
-10.367670244473 -4.1530122543734 5.9546032026573 
-10.3647483677 -3.8187230322734 6.0165885124 
-10.316910700689 -3.4860747977725 6.0681317922573 
-10.23677716596 -3.1560340119544 6.0839967318476 
-10.129631447481 -2.8376163822346 6.0317472524691 
-9.987496700805 -2.5368598554248 5.9614391777643 
-9.7828778240366 -2.27285301967 5.8979450367369 
-9.5740887102556 -2.0179489767417 5.8140937704057 
-9.3411679870736 -1.788024902772 5.7219913441534 
-9.0954140352489 -1.5845778366494 5.6044571514746 
-8.8229024713341 -1.4615548291427 5.4425844015854 
-8.5336937412295 -1.336147030416 5.3151826965347 
-8.2492787701369 -1.2405615194571 5.1552716765481 
-7.9468227373896 -1.1741003887199 5.0149033526433 
-7.6572834207377 -1.132126118966 4.8416834207896 
-7.3674174471379 -1.1096276935926 4.6654122143923 
-7.078601480231 -1.1140572688441 4.4860641836734 
-6.7933505727115 -1.1372857480661 4.3025094029884 
-6.5164691040359 -1.1725203675443 4.1083569528513 
-6.2323642004254 -1.2031466560516 3.9241113716377 
-5.9503848142659 -1.2231081527638 3.7351956114954 
-5.6728808965803 -1.1993335571682 3.540192164671 
-5.412082147587 -1.1161832202929 3.3385240362989 
-5.1683423532438 -1.00798359405 3.1276123165334 
-4.8902076919368 -0.92456003024609 2.9507462112958 
-4.6039641198234 -0.86146304610359 2.7784575348952 
-4.3277301839056 -0.80085187204284 2.5897220103475 
-4.0971052123599 -0.70892479145597 2.3574257892109 
-3.8767366070868 -0.60969473961047 2.1182792345195 
-3.6578187215359 -0.52735405799052 1.8715101693264 
-3.4602723918565 -0.40980393353643 1.6209958665989 
-3.2586393382676 -0.29703585677204 1.371541516941 
-3.0075763564029 -0.1967605559426 1.1653565437234 
-2.7617962811484 -0.056706058512973 0.97673816615208 
-2.4909700574838 0.099109379425502 0.84266838627746 
-2.244776367117 0.26681340817773 0.67876589830409 
-1.9942121893686 0.399891700004 0.49139524672312 
-1.7248390319661 0.52495356336195 0.32587294488897 
-1.4637560560587 0.70219527198526 0.1992986330575 
-1.2022468351655 0.87569690880412 0.068493016171161 
-0.96294889724152 1.046438823681 -0.10233934437425 
-0.70946513191264 1.1836823726098 -0.28264516511256 
0.6176115274554 -0.35455024177658 0.70203285336969 -0.73739465687369 0.049371729215453 0.67365536616909 -0.27350524888626 -0.93373259470282 -0.23095090478546 
0.025639336481391 -0.39065705576671 0.92017916147046 -0.97206261986531 0.20509203041957 0.11415569245101 -0.23331713928767 -0.89739864265446 -0.37448469751987 
-0.58091974796981 -0.1888341911523 0.79175368307987 -0.79249434210411 0.35313651163083 -0.49723970264468 -0.18570127665598 -0.91631667692182 -0.35479400141953 
-0.89238444862926 0.0044564190398767 0.45125395973222 -0.42294350237981 0.34047059974601 -0.83976101630363 -0.15738103328978 -0.94024460170635 -0.30194585495203 
-0.91444679036227 0.37374359721193 -0.15525073635653 0.24035029437609 0.19289514892521 -0.95132707178681 -0.32560528802445 -0.90725254756556 -0.26622173342217 
-0.6560946386089 0.42852977183699 -0.62121015754575 0.67640859127884 -0.031131668732462 -0.73586835564936 -0.33468080738643 -0.90299117041711 -0.26943589834298 
-0.18276598043691 0.25775869412242 -0.94876606811123 0.90292393985638 -0.33782294625433 -0.26571416187005 -0.38900508380894 -0.90522710553119 -0.17099395364301 
0.36788486394356 0.097322337039035 -0.92476434273523 0.8807505596795 -0.35542647859592 0.31297039786088 -0.29822672332559 -0.92962378467108 -0.21647272453664 
0.7994683288594 -0.23455068504898 -0.55302474383504 0.49148283326414 -0.27393349618439 0.82668317043161 -0.34539110549842 -0.93270918072636 -0.10372351918123 
0.92417031083778 -0.38131709013088 0.02250585124183 -0.049296217927969 -0.060634767721044 0.99694197817198 -0.37878637708345 -0.92245363120189 -0.074834342507084 
0.64426841460741 -0.38034857653395 0.66351576489777 -0.62091526171099 0.24639622361249 0.74414591228059 -0.44652261724763 -0.89141677195247 -0.07741893158791 
0.26653821137902 -0.03860832008712 0.96305076683162 -0.84181237752806 0.47727219087648 0.25211738705727 -0.46937117819001 -0.8779069731105 0.094710314372257 
-0.10000430713971 0.33519011936998 0.936828011126 -0.81038317398471 0.51885782439513 -0.27215008614081 -0.5773025635453 -0.78640583793656 0.2197444155907 
-0.43959217088672 0.60740660987728 0.66167660799859 -0.62325868807496 0.32417800993213 -0.71165808195758 -0.64676682895324 -0.7252350158079 0.23606533166034 
-0.63611697218573 0.75271594637026 0.16962871743077 -0.32553566768359 -0.062494324264126 -0.94346223480359 -0.69955823686314 -0.65537253796197 0.28478958850743 
-0.72045839109082 0.53191903248136 -0.44497398754411 0.16887692613529 -0.48775619752635 -0.85648962375138 -0.67262195215882 -0.6922109755405 0.26157919415611 
-0.5868672260795 0.12557028925781 -0.79988684287809 0.51872279365728 -0.7002352978559 -0.49050707535883 -0.62170211700954 -0.70278206443562 0.34580897561148 
-0.298809575213 -0.42241765153695 -0.85573136288856 0.74821012361835 -0.66030131367893 0.064682192827106 -0.59236344306185 -0.6209392102484 0.513361518328 
0.19836531645174 -0.75573073857272 -0.62411717810467 0.87312147597936 -0.15306459032287 0.46284999662197 -0.44532020997555 -0.63674349778043 0.62948203200864 
0.6452123772475 -0.73742791022035 -0.19975251055928 0.5517446203415 0.26889775008018 0.78947569558918 -0.52846841170583 -0.61959186343101 0.58036803891948 
0.86624303004228 -0.40280412236736 0.29558729997597 0.024066929268827 0.62457511142192 0.78059382082353 -0.49904287973959 -0.66907007794114 0.55072809532931 
0.67923651277873 0.2329299667762 0.69597513625548 -0.58437886195367 0.74534809155718 0.32087001747413 -0.44400349706953 -0.62465978979741 0.64238698741516 
0.31620303878839 0.47850801457873 0.81917380222081 -0.76335946823121 0.64102746126955 -0.079787944954724 -0.56329207390376 -0.60009488739885 0.56796845475345 
-0.27987236379092 0.6987512918381 0.65834496439229 -0.80124807994236 0.2077387741105 -0.56111150061269 -0.52884116176299 -0.68453724068578 0.50173278918116 
-0.64041438993697 0.75763128509997 0.12595334453457 -0.47365854502784 -0.26051409161709 -0.8412966128489 -0.60458001280541 -0.59843733498731 0.52569550522096 
-0.7468917582333 0.54822453483262 -0.37630115717429 -0.073578384687364 -0.63057617716007 -0.77263180500482 -0.66086225704752 -0.54938469600613 0.51130962537809 
-0.6906373888865 0.1176288793701 -0.71357091014851 0.31541437253755 -0.83890533342248 -0.44356692296888 -0.65079472237317 -0.53141442236116 0.54227754981903 
-0.38445567466965 -0.2412758525168 -0.89105544002975 0.63115215066993 -0.77309783873573 -0.062981699301762 -0.67367707168871 -0.58660522903777 0.44950362439749 
0.032269727500556 -0.62420159100854 -0.780596591377 0.70313536024384 -0.54087613107765 0.46157737813418 -0.71032339808132 -0.56376004169582 0.42144428519714 
0.30976712409541 -0.89393382439055 -0.32392382814515 0.60172424891982 -0.079470076624174 0.79474048291453 -0.73618765073284 -0.4410972959925 0.51328444197788 
0.56468544424265 -0.77566845293111 0.28190211100314 0.21113233267439 0.46597751497096 0.85923692520806 -0.79784302162769 -0.42567993453882 0.42689940989771 
0.45935583470121 -0.41330930229994 0.78623637524495 -0.23574276044253 0.79667970637314 0.55653103808522 -0.85639801962928 -0.44099531299736 0.26852479566976 
0.31503030268775 0.18431738062714 0.93101182140038 -0.38742179650175 0.92048308460552 -0.051139442219613 -0.86640652120343 -0.34458379844955 0.36138863549126 
-0.020285092604505 0.71737187933248 0.69639507591673 -0.46356259768005 0.61039442998477 -0.64228370513013 -0.8858319440222 -0.33585149484045 0.32016486434847 
-0.34951536227687 0.92534132249597 0.14690966072345 -0.41070653783425 -0.010384779316285 -0.91170844908819 -0.84211587760398 -0.37899286700409 0.38367337078213 
-0.57951740719741 0.69253646996855 -0.42959610393804 -0.14717725223925 -0.60740631578647 -0.78063847199971 -0.80155999848951 -0.3891668091015 0.45392814796532 
-0.53255938061944 0.22312164207871 -0.81645406420099 0.14444660153156 -0.92651741264853 -0.347420010024 -0.83397583023742 -0.30295580023363 0.46119637648682 
-0.34442911303514 -0.48072145127766 -0.80639659744777 0.27141418758649 -0.87326277823163 0.40465597602406 -0.89872294110619 -0.079492178462451 0.43125174630684 
-0.22945138095122 -0.91791203813118 -0.32371214687355 0.39782763140009 -0.39198094723082 0.82950835601736 -0.88830469968032 0.061550201152634 0.45511134161202 
-0.028068425191951 -0.98407654685428 0.17551499491106 0.37666700692874 0.15222927155807 0.91375500806958 -0.92592339283471 0.091758371892062 0.36639633157162 
0.15660980593496 -0.6982453539953 0.69851756907685 0.44391445638447 0.68154520282557 0.58175260370573 -0.88227735100586 0.21897388458322 0.41669786869219 
0.44435965731993 -0.17594770134258 0.87840019429576 0.27299946084706 0.96048131769204 0.054285658711747 -0.85323841294434 0.21568042274816 0.47483277679561 
0.48873003262106 0.44273763385873 0.75174885618767 0.23190567028438 0.76474169047923 -0.60115713996668 -0.84104858082292 0.46813837100602 0.27107886359445 
0.7141682635854 0.6674587863513 0.21086123353957 -0.12553205430621 0.4184857534064 -0.8995061853804 -0.68862572899149 0.61592892667766 0.38265671646088 
0.49362380638873 0.78184575202893 -0.38085792337899 -0.56146185995795 -0.047938724519198 -0.82611286063353 -0.66415067385261 0.62162617281269 0.41531287446382 
0.0061954325714139 0.72800365930447 -0.68554524916638 -0.74024762973809 -0.45757486038767 -0.49260399288714 -0.67230578108655 0.51052514059597 0.53606810904687 
-0.48363569583649 0.35588967532028 -0.79964933109033 -0.70913818225618 -0.69484331700846 0.11964866599793 -0.5130492687639 0.62492823892761 0.58842598855906 
-0.79933012060432 -0.21725530148976 -0.56024235137067 -0.21110274639349 -0.77138950412066 0.60032812977374 -0.56258953843797 0.59812905539449 0.57073167454864 
-0.81414898713711 -0.57865350995509 -0.04818238433614 0.25642854824129 -0.43275262495047 0.86427401051136 -0.5209662430432 0.69129247140058 0.50070839077683 
-0.58953784241585 -0.64458853069458 0.48677588113697 0.69750537711903 -0.10234113461053 0.70923377038654 -0.40734675799581 0.75764894130701 0.5099379378774 
-0.1297929898487 -0.50434350773243 0.8536928054015 0.91707422140994 0.26629596489629 0.2967512957095 -0.37699953874172 0.82141590274846 0.42795708020839 
0.41359900392185 -0.28984480646588 0.86309087129904 0.88338010222265 0.35723275315529 -0.30335516324953 -0.22039840959487 0.88790469547012 0.40379424563781 
0.85935219619422 -0.028321055620313 0.51059937397605 0.47011284078728 0.43671663816695 -0.76698924039068 -0.20126529711569 0.89915321039115 0.3886074940351 
0.99538486046282 0.095795569739514 -0.0056734803820562 -0.044530480447829 0.40871582118006 -0.91157468911123 -0.085005975510243 0.90762028752968 0.41109536337956 
0.78244158038695 0.2344594497409 -0.57690028575899 -0.62084089925817 0.36569455424306 -0.69341478986628 0.048391642769116 0.90071985623954 0.43169664057758 
0.29535031524967 0.34351636422088 -0.89149576487746 -0.9470378934522 0.2283746463834 -0.22575262845622 0.1260453079156 0.91095638117405 0.39277353774248 
-0.30704505301044 0.30050322412939 -0.90300672628154 -0.94328951437056 0.029733561061502 0.33063697225979 0.1262070818153 0.95331722298222 0.27433199752347 
-0.80828430141967 0.12854486931122 -0.57458916162105 -0.58862018378899 -0.2000137086464 0.78327568300679 -0.014239638857104 0.97132421617466 0.2373320453667 
-0.99963509682635 0.013116065319729 -0.023614445229983 -0.025608993816777 -0.18204027237481 0.98295753655455 0.0085937552143222 0.98320359441182 0.18230973453741 
-0.81755699704975 0.028454074745144 0.57514426208167 0.55839443243266 -0.20486214350212 0.80388255360347 0.14069902061957 0.97837716029665 0.1515978819331 
-0.32660463089988 0.033894919112092 0.94455309513713 0.91530383800576 -0.23785864997789 0.32502637856441 0.2356868668525 0.97070819358293 0.046661587030226 
0.33574904105209 0.041438516559603 0.94103954793513 0.88767271541908 -0.34815020905079 -0.30137780647945 0.31513446611419 0.9365224403522 -0.15367493934826 
0.75462736265649 -0.21142106726134 0.62115913890751 0.5057442853612 -0.41571968777036 -0.75590995430979 0.41804337257598 0.88457802002885 -0.20678845501411 
0.79591061550615 -0.60242804570986 0.060056155944645 -0.065868869396009 -0.1847773059959 -0.98057056820679 0.60182022578937 0.77649069339634 -0.18674747361014 
0.59065217192281 -0.64381508123555 -0.48644851009793 -0.52347765219156 0.15305359043079 -0.83818002011038 0.61408562876762 0.74971777331868 -0.24662137156223 
0.14177599663026 -0.48850699972257 -0.86096485294208 -0.71455654837903 0.55140777325751 -0.43053270115052 0.68506095053522 0.67624727638141 -0.27088948897747 
-0.36698130609889 -0.091504276168092 -0.92571685110348 -0.5855566430686 0.79597478226449 0.15345215461909 0.72280574066083 0.59837372388997 -0.3456888019966 
-0.59250560556872 0.37296182428976 -0.7140284202972 -0.08079284590822 0.85438680350879 0.51331832817475 0.80150459974957 0.3618323750198 -0.47609632320338 
-0.50492912328652 0.77179061590032 -0.38650462567128 0.14663748854326 0.51796865648942 0.84273715822211 0.85061391207226 0.36884646684325 -0.37471089720801 
-0.23614798617341 0.95951145101414 0.15353144303014 0.49444657720805 -0.01736463410134 0.86903455153967 0.83651462086053 0.28113385576127 -0.47032652937219 
0.13318689865071 0.75354214558303 0.64376663850957 0.43693796086295 -0.62766566243645 0.64429887052139 0.88957656690396 0.19547391393305 -0.41284801148479 
0.48606823244728 0.17799902562718 0.85560155462772 0.19631243983813 -0.9762558692763 0.091574579815454 0.85158622544665 0.12345373457025 -0.50947038780508 
0.49228008376208 -0.43488164110555 0.7540147726408 -0.17556754830881 -0.89805303067722 -0.40333210890318 0.85254698117584 0.066171839333606 -0.51844472469802 
0.24900560130852 -0.87148035032076 0.42251415304314 -0.4652054202232 -0.49025734669308 -0.73704250285067 0.8494587261968 -0.013028162504419 -0.52749420799651 
-0.087698228117623 -0.99609453125522 -0.010232574869709 -0.53705948845101 0.055930236166036 -0.84168813378068 0.83897325741038 -0.068319056535163 -0.53986700201472 
-0.42641412373288 -0.77429191392252 -0.46759280053848 -0.39369181709323 0.62428567132661 -0.67474006382469 0.81435726081064 -0.10363123375959 -0.57103661805047 
-0.54204285628411 -0.29539114474456 -0.78672333990925 -0.089206168133451 0.9511204698582 -0.29565539295559 0.83560265767786 -0.090077319139029 -0.54189876827537 
-0.50338731161688 0.35299964062003 -0.78866499112449 0.24244155607355 0.93377960794946 0.26320664061991 0.82935113576329 -0.058710284447602 -0.55563458865359 
-0.36456116793216 0.83243615622677 -0.41730708194611 0.44825474297948 0.54969127777378 0.70491643798099 0.81618799319299 0.069925281163574 -0.57353954948362 
-0.16628792757492 0.96868999241536 0.18435841108342 0.61965694626627 -0.042780787800083 0.78370598641274 0.76705514409775 0.24455981433905 -0.59314155403556 
0.26418339662859 0.699407568831 0.66410555306199 0.64520360525371 -0.63996566306454 0.41732033004168 0.71688174806832 0.31823419483202 -0.62032858754553 
0.49549695521748 0.1585924748084 0.85400889591644 0.29204146752042 -0.95637085778013 0.0081586541424555 0.81804312149102 0.24536342295265 -0.52019442716958 
0.52988654331811 -0.46204834304595 0.71114807171148 -0.10215999662564 -0.8672206339383 -0.48733120889304 0.84189285915719 0.18557936512498 -0.50673140117812 
0.39984881187359 -0.863289702744 0.30798022140939 -0.42431291787339 -0.47217724703978 -0.7726624069435 0.81245275269953 0.17826815900222 -0.55510448396399 
0.075389674563566 -0.95054056958764 -0.30131216792101 -0.73089920674847 0.15287462835094 -0.66514336618591 0.67830873984029 0.27037376643196 -0.6832241798134 
-0.43806809016832 -0.61262187079218 -0.65786836966326 -0.62290212399336 0.73451767517627 -0.26921502331464 0.6481429566854 0.29185309366325 -0.70337221968057 
-0.70880597171546 -0.16841560585693 -0.68500385266385 -0.28812778165254 0.95550288842038 0.06321876035104 0.64387613397335 0.24217847535277 -0.725791368215 
-0.79346822107272 0.4421447043993 -0.41822989194863 0.18117822493605 0.827632112515 0.53122456376094 0.58101861670404 0.34573566015911 -0.73680677272786 
-0.49816349607544 0.86701683422516 -0.010721023650134 0.63256509207689 0.37185518727347 0.67940056224852 0.59303839290864 0.3316708140129 -0.73368926369977 
-0.03560637349846 0.91508610930494 0.40168345587466 0.67339980680868 -0.27501866773951 0.68621966787968 0.7384205348962 0.29492735538071 -0.60642639181664 
0.34162629235367 0.48480795503658 0.80514143049897 0.60060990682643 -0.77154328934709 0.20973481467221 0.72288257427798 0.41192499244008 -0.55475993403319 
0.50370796786891 -0.14235623965096 0.85206395542701 0.33435014309604 -0.87733317571248 -0.34423317766575 0.7965477166605 0.45828069981904 -0.39432288198418 
0.68782939557027 -0.56783762919519 0.45216274665155 -0.05070731154361 -0.65898989552859 -0.75044059468249 0.7240990893141 0.49324714338892 -0.48206614109814 
0.48820562688252 -0.87208664487713 0.03346863766703 -0.46749851104472 -0.29371014144667 -0.83377424701319 0.73695346396585 0.39140674066549 -0.55109015170873 
0.074905354504722 -0.85046359766375 -0.52067346476978 -0.60555025298998 0.37604984848054 -0.70135255226 0.7922739923602 0.36782900987633 -0.4868302995122 
-0.2108868442466 -0.34303455284244 -0.91534367014794 -0.60487187804412 0.78139266636794 -0.15347805086693 0.76789110561016 0.52129914300973 -0.37227738773962 
-0.50885620715375 0.12481918290536 -0.85175438479656 -0.38662861679603 0.85089081071663 0.355672800355 0.76914476733285 0.51029893182018 -0.38472240260689 
-0.70709406062428 0.5632002832285 -0.42757856634929 0.068256619602884 0.65621534332924 0.75148017742296 0.70381746448231 0.50218210257901 -0.50244811925122 
-0.43539868261295 0.89743407093268 0.070993489195684 0.5045764268414 0.17796829371104 0.84482537598583 0.74554048626143 0.4036574968495 -0.53031123746561 
-0.10266254610941 0.83721356562212 0.53715346705076 0.7044375959009 -0.32007061384277 0.63350017808661 0.70230198284482 0.44342783820214 -0.55690544727053 
