###############################################################
snapshot: -1 
type:     linear 
num_bp:   100 
sequence: aaaaaaaaaaaaaaaaaaaaaaaaaaaaaaaaaaaaaaaaaaaaaaaaaaaaaaaaaaaaaaaaaaaaaaaaaaaaaaaaaaaaaaaaaaaaaaaaaaaa 
dLK:      0 
0 0 0 
-0.27888339407798 0.081349739361722 0.17665297170817 
-0.56711704284353 0.10821833705644 0.35497695264516 
-0.84426495345701 0.18381427888563 0.53684033329542 
-1.138052284342 0.21561714974612 0.7049997267783 
-1.4271815519812 0.20898200844709 0.88377400203718 
-1.6915042747742 0.18405869176144 1.0961706274827 
-1.9777563452318 0.15223759552694 1.276855906333 
-2.2464818306992 0.11423536355097 1.4816544508228 
-2.5478201354553 0.072292751155145 1.6334307445979 
-2.8310418600148 0.093827703449827 1.8203042327316 
-3.1219260460574 0.11714719032722 1.9947822882059 
-3.409589473703 0.14611446939201 2.1736974891777 
-3.7083121863056 0.15637340114577 2.3357453071037 
-4.0209757677679 0.16184337503775 2.4692052794279 
-4.3462317392944 0.19691324884045 2.5618263188189 
-4.6629253377667 0.26290716872375 2.6664684098965 
-4.9816709177153 0.37356865485255 2.7083646000695 
-5.2993787363504 0.46260274938126 2.7904296473769 
-5.6073037391253 0.57193339086949 2.8843924245699 
-5.913022194984 0.66629481069793 2.9994234994817 
-6.2270411443149 0.7698261753668 3.0786280194972 
-6.5400525980408 0.89019078832878 3.134629713962 
-6.8278065202578 1.0576100073375 3.2036839343635 
-7.0913695563615 1.2666493110631 3.253050881785 
-7.339401542153 1.4905774598612 3.3157909662619 
-7.5995610495685 1.7004492980072 3.3780070594738 
-7.8641910348701 1.9123170631337 3.4041417295423 
-8.1303192903591 2.1239188891358 3.40478892579 
-8.3791704783479 2.3517161841665 3.3625813599606 
-8.6181588728873 2.5872554921005 3.3077563502164 
-8.7847161694304 2.8754494295045 3.238453237647 
-8.9287982632973 3.1733583855341 3.160410914871 
-9.070877675053 3.4705208483068 3.0761024842484 
-9.2183355818488 3.7641270132582 2.9886291418751 
-9.4165978793089 4.0298847842131 2.9133638206252 
-9.6027337622933 4.3001023383807 2.824280115688 
-9.7825396085992 4.5726036534952 2.7293438692114 
-9.9694009999997 4.8194676962771 2.5888413255147 
-10.157608205359 5.0556225622947 2.4326077596358 
-10.359673886003 5.2701417954302 2.2630466811993 
-10.514008006778 5.5213471264834 2.0937042446541 
-10.656772766142 5.7703974450709 1.911517081837 
-10.791473975777 5.9887744993438 1.6884317925642 
-10.890120537968 6.1986226709681 1.4397701738253 
-10.994455649838 6.3769690659915 1.169757678164 
-11.029371029746 6.5220615781776 0.8642595944493 
-11.024195287236 6.6734329103541 0.55985865574414 
-10.991003609616 6.7896197897663 0.24205538076224 
-10.908373825391 6.860706944067 -0.07999886195511 
-10.835650574088 6.917222011464 -0.40728677171819 
-10.695800660229 6.8896924533464 -0.71596803940918 
-10.560172913607 6.8593195440016 -1.0262624169351 
-10.371359061359 6.8382711403277 -1.3082310213971 
-10.206844882494 6.7761488431531 -1.5992222672208 
-10.037526235034 6.6787203492995 -1.87750069651 
-9.8607699227829 6.6006588210865 -2.1572570260051 
-9.6355882204056 6.5067352292413 -2.3940513667511 
-9.3888399351447 6.3758635704954 -2.5879273391094 
-9.1391448759604 6.2237362381071 -2.7614486696695 
-8.9018921227803 6.0809098228259 -2.9587092744705 
-8.6784783409547 5.8969202733847 -3.1371304833745 
-8.4541859536997 5.6727200406949 -3.2597158849577 
-8.1867582882819 5.4884721138542 -3.360389343347 
-7.9217490887562 5.3025337317002 -3.4642981601469 
-7.6496168294029 5.1465838228561 -3.5955371000648 
-7.3900430021 4.9446701801258 -3.6818638575547 
-7.1172631095957 4.7516649332308 -3.7446341125828 
-6.8550770027468 4.5450933398624 -3.8093382251933 
-6.5765138114797 4.3523955687246 -3.7798404715572 
-6.3349501726095 4.1131426727883 -3.7820899519204 
-6.1260545423221 3.8449185354865 -3.7863827150817 
-5.9470551676511 3.5656084522555 -3.7119172783151 
-5.7851107787252 3.2752075465782 -3.640914962316 
-5.6359463521468 2.9708009986961 -3.6147113852693 
-5.4729606920436 2.6781496833343 -3.5564801031462 
-5.2859315507452 2.3997936906872 -3.5004618769812 
-5.1232919349499 2.1019626115858 -3.4793667662856 
-4.9388104241148 1.8165863069596 -3.4681001377806 
-4.7142417474705 1.5613054838302 -3.4673185927709 
-4.4731811565347 1.321553717742 -3.4643382982733 
-4.2269552630014 1.0872631563137 -3.4553526330611 
-3.9994337237177 0.8354559555132 -3.4760186144561 
-3.7484153970965 0.61285535487231 -3.420893553961 
-3.4813358902277 0.41802044515413 -3.3414712965904 
-3.21811128827 0.22890226069787 -3.2387721182481 
-2.9346390328078 0.062222344576919 -3.1523933827569 
-2.6755748802676 -0.10443845618377 -3.0084838891213 
-2.3834361944412 -0.25606165990846 -2.9232466183071 
-2.1078443564859 -0.40498449245764 -2.791068220685 
-1.842015771646 -0.50910972650205 -2.6064250536919 
-1.550570465384 -0.55802584714746 -2.4382975824123 
-1.2596720164918 -0.5905911202647 -2.26533054677 
-0.98449239417476 -0.63434482815332 -2.0704926949355 
-0.69935759251022 -0.66154697524082 -1.8873037540205 
-0.40466317005336 -0.71110059573328 -1.7251321286698 
-0.10233953738089 -0.77040393012312 -1.5813144118962 
0.20906537723096 -0.82203854909558 -1.454978172918 
0.52737928112822 -0.85716533825498 -1.3407749887722 
0.85241143162897 -0.86602929790335 -1.2413992806731 
0.50567978388653 -0.12125235706783 0.85415796084446 0.2673679902679 0.96335384633921 -0.021534263943023 -0.82024527669994 0.23926393929918 0.51956756384755 
0.50474422377521 0.42402862042791 0.75195278949117 -0.16297221952843 0.90219439868537 -0.39935613510092 -0.84774602578103 0.079025287337417 0.52448229687351 
0.44732191400886 0.82829468933995 0.33738851915664 -0.3680331456177 0.51428823138187 -0.77463489386218 -0.81514091356905 0.22234100537997 0.53489229603018 
0.1018763334312 0.99474535194091 -0.010143839439564 -0.49293640667065 0.041621561547565 -0.86906924039053 -0.86408038495572 0.093537855472021 0.49458645142023 
-0.29349028360216 0.84700532165959 -0.44322165844131 -0.43671154173398 -0.53122607721613 -0.72600405246933 -0.85038019893894 -0.019515121467753 0.52580669193789 
-0.61451327858136 0.30032157467489 -0.72950694460847 -0.13413398942525 -0.95101708399267 -0.27852213347405 -0.77741977292069 -0.073303872604851 0.62469595719284 
-0.46038574074682 -0.38910852187065 -0.79789694066629 0.28145922679809 -0.91642522712649 0.28450923840254 -0.84191785428698 -0.093591459513224 0.53142729073596 
-0.251512335496 -0.8373363291258 -0.48539614442173 0.55862175980586 -0.53514021995456 0.63369288654551 -0.79036907490407 -0.11177127051757 0.60234866026426 
0.081933250589142 -0.99043385983188 -0.1110302289757 0.45582728921405 -0.061829811367219 0.88791810254889 -0.88628913163574 -0.12336062469359 0.44640086404436 
0.2153022626571 -0.8780085707033 0.42748787756646 0.50965428020161 0.47443570217185 0.71774875769791 -0.83300507223362 0.063338094984358 0.54962790627555 
0.44812706930777 -0.39830005461191 0.80033692670636 0.2592884278936 0.91468733865602 0.31002674668938 -0.85554172365473 0.068586726109965 0.51317075139512 
0.52214980632359 0.33126733653688 0.78588900711231 -0.10736381149676 0.93968253844318 -0.32476104896655 -0.84606890483996 0.085197879602346 0.52622117932876 
0.28726216778489 0.83065700379884 0.47695847722778 -0.3815090307156 0.55596628699576 -0.73847975409392 -0.87859621353723 0.030173328687515 0.47661122919413 
-0.0077210683148347 0.99822801662388 -0.059001795999749 -0.39278300516339 -0.057288724745898 -0.9178450375046 -0.91959876900685 0.016088158505825 0.39252933036525 
-0.077562556113846 0.81124240170453 -0.57954276422521 -0.28077237073099 -0.57554020407138 -0.76806272486797 -0.95663521037184 0.10314668765499 0.27241482173814 
-0.23726187200753 0.31729559410448 -0.91816682038361 -0.2758703001197 -0.92825039048536 -0.24949306618745 -0.93145176021269 0.19409976436266 0.30777085611054 
-0.23727134189534 -0.33872371426714 -0.91047710334102 -0.25459857703796 -0.88279799293234 0.39477495898919 -0.93748699984876 0.32547495920234 0.12322408874414 
-0.34516478076329 -0.8328407880762 -0.43270948202829 0.087709475725447 -0.48765044029452 0.8686219522603 -0.9344347606915 0.26186498390798 0.24136778619831 
-0.29393104092392 -0.94590396320004 0.13736897606025 0.30558353415708 0.043178721841468 0.95118573456092 -0.90566177286746 0.32156071025951 0.27636110939123 
0.080108741914377 -0.65568557330305 0.75077228134179 0.43020045510722 0.70217628601626 0.56734119520966 -0.89917192899601 0.27753358773071 0.33832669091709 
0.22365108697071 -0.065607574580862 0.97245865591007 0.31140114171903 0.95024888938569 -0.0075084723697671 -0.92358514509107 0.30450401373197 0.23295447063372 
0.34399457285342 0.53580375845258 0.77109147724213 0.18472414365461 0.76654336239321 -0.61505143225751 -0.92062192272312 0.35401356753524 0.16471086607301 
0.53173832554684 0.8033648891803 0.26806567847633 -0.031165851725737 0.33486978212226 -0.94174886180319 -0.84633506534403 0.49240946767272 0.20310064823976 
0.56331106811787 0.77675598926624 -0.28165719176852 -0.28595145687653 -0.13654551976838 -0.94846564795008 -0.77518540030503 0.61482148154587 0.14519690418081 
0.28384273132049 0.53697411134502 -0.79441305856696 -0.62229778439306 -0.52715156327612 -0.57866803685277 -0.72950584056332 0.65861220234732 0.18452966022627 
-0.19213348465006 0.052339946608846 -0.97997206800256 -0.61448507717743 -0.7850083684783 0.078549037838212 -0.76517502181037 0.61727011219405 0.18298850944658 
-0.43607261600702 -0.44842544035737 -0.78022772189218 -0.45172250821473 -0.64078901329833 0.62075455375562 -0.77832348618102 0.62314048566633 0.076866676672024 
-0.60908549689884 -0.76540162808718 -0.20778644130215 -0.12786066275384 -0.16380012054747 0.97817236284246 -0.7827301632029 0.62235831177079 0.0019035183756825 
-0.65719507514148 -0.64598369131533 0.38832937535604 0.17998524150327 0.36580832583861 0.91312079244104 -0.73191525879076 0.66999204420785 -0.12413989949831 
-0.47256390784995 -0.28540471992607 0.83380303360058 0.53160609687233 0.66228696827906 0.52798762240781 -0.70290704276293 0.69276267039419 -0.16125002865921 
-0.086136998365105 0.18560433534452 0.97884189132567 0.86752722618506 0.49706712134235 -0.017910575313669 -0.48987440159724 0.84762922765897 -0.20383268402775 
0.38252656088094 0.40283352939202 0.83150380505331 0.82103086712909 0.26456337634043 -0.50587996117716 -0.42377086431451 0.87620281185175 -0.22953624345885 
0.77222812563677 0.48549176431462 0.4098310246409 0.47858072156612 -0.020225854278955 -0.87781057624291 -0.41788062281081 0.87400724344905 -0.24796597241934 
0.9002851430503 0.40346988048574 -0.16339741963602 -0.037298913968317 -0.30248585890301 -0.95242380072134 -0.43369972586992 0.86354754397457 -0.25727453639214 
0.62943416772802 0.26243562232937 -0.7313960436242 -0.51359376710826 -0.56583183765274 -0.64502385528445 -0.58312440429468 0.78164050280877 -0.22136859191143 
0.20093502073219 -0.17909553511033 -0.96309392415635 -0.81235111301318 -0.57990110020058 -0.061647247889808 -0.54745847936587 0.79475751225748 -0.26201089687397 
-0.30518890980301 -0.48656633385346 -0.81860425853623 -0.79195152472782 -0.34769512333135 0.5019172080063 -0.52884072442891 0.80147445621928 -0.27922425434312 
-0.61327443929587 -0.68652699468589 -0.39060868868206 -0.56731185030472 0.038755693073417 0.82259057905998 -0.54959232764861 0.7260707140644 -0.41324277557852 
-0.81168331101261 -0.57345580099005 0.1109894000995 -0.18641869927275 0.43441524370896 0.88121022724131 -0.55355060399665 0.69457313534581 -0.45951048787904 
-0.76049062347547 -0.23916147369012 0.60370174847212 0.26162693742775 0.73805004402574 0.62195938623489 -0.5943108254256 0.63093892098676 -0.49870905422499 
-0.42989361588867 0.30801919381795 0.84871411868656 0.78047715275888 0.59936699901942 0.17780499010961 -0.45392388463223 0.73883920898 -0.49806598983888 
0.062873578591594 0.61247473411109 0.78798579504367 0.90539161000865 0.29718189268075 -0.30323086120749 -0.41989635106899 0.73250093702206 -0.535844596521 
0.5699715117865 0.73228693020544 0.37267724320389 0.71984294182638 -0.22632995329727 -0.65620186782972 -0.39618002833882 0.6422854537437 -0.6561332037435 
0.88483532531323 0.46412644947689 0.040658159990354 0.36453669047661 -0.63533469588735 -0.68078104078925 -0.29013694761991 0.6172005047776 -0.73135770217324 
0.92429338411923 -0.034736740134958 -0.38009880157423 -0.22696648502479 -0.85067180692114 -0.47417685686351 -0.30686797608886 0.52454822065685 -0.79415439900364 
0.7107532957679 -0.60047229835029 -0.36641884704382 -0.69590519852856 -0.67625712676836 -0.24164489060593 -0.10269229384889 0.42674268290025 -0.89852377563154 
0.12483118408251 -0.88924139205651 -0.44007604130874 -0.99206120914513 -0.10506179217564 -0.069112785606936 0.015222772088565 0.44520980051911 -0.89529687854459 
-0.48293863366811 -0.80494552463402 -0.3447215956137 -0.87019544226787 0.48506284548599 0.086451883642043 0.097622581235008 0.34172611591844 -0.93471551465263 
-0.92499762279444 -0.24408794856961 -0.29120520460273 -0.29208973160521 0.9469459769004 0.13407798299107 0.24302877713438 0.20907986559028 -0.9472183609334 
-0.93296231295346 0.32683391703774 -0.15086720413093 0.28953682158087 0.93034952615767 0.22498486199521 0.21389191559603 0.16622078646169 -0.96261149930317 
-0.48343445780729 0.8250301599119 -0.29260273450584 0.77272523420546 0.55925773087404 0.300210764097 0.41132327605746 -0.080969288581055 -0.90788608144411 
0.042610047659904 0.99597420277027 -0.078865526401336 0.91600167871859 -0.0074273664206303 0.40110567038216 0.398905137123 -0.089332086308307 -0.91263052213519 
0.51445349368757 0.80909060967576 0.28409503368973 0.65340706806678 -0.58441415115005 0.48116452834337 0.55533485955142 -0.061907069629252 -0.82931942488823 
0.85797227552508 0.29181219334051 0.42276378540278 0.17250510639773 -0.93886193631402 0.29796015305308 0.48386523195717 -0.18271263874872 -0.85585660536356 
0.75537190469885 -0.32022929436658 0.5717223842225 -0.42592634072332 -0.90296167055314 0.05698222345548 0.49799602194157 -0.28655439368705 -0.81846596849781 
0.41485652985357 -0.77413772310746 0.47812639050763 -0.74674471959471 -0.58991352245533 -0.30720410117994 0.5198715066199 -0.22959273003816 -0.82281273380909 
-0.2096135061298 -0.96074550385613 0.18174227595197 -0.71932054575839 0.025618402654963 -0.69420576913136 0.66229912463919 -0.27624585836831 -0.69645394337067 
-0.58728192008602 -0.77832820024121 -0.22204765040275 -0.35835115384352 0.4960286184948 -0.79091090533211 0.72573025076754 -0.38491664337029 -0.57022344811263 
-0.67638662274931 -0.42017683690866 -0.60494013116273 0.056230248816233 0.78946490766522 -0.6112146257112 0.73439723289501 -0.44743333055399 -0.51035685458857 
-0.55315468291312 0.19856261037693 -0.80906908637743 0.45507358216448 0.88549851634057 -0.093810513135129 0.6978022152353 -0.42007769200347 -0.58017824941456 
-0.080476375666336 0.64182011748858 -0.76262080337912 0.74949582138065 0.54334908828378 0.37819014000122 0.65709935831086 -0.54114573365055 -0.52476826148239 
0.47049019803629 0.7364554964684 -0.48607846616902 0.58605175883328 0.15102491089131 0.79607462731748 0.65968349192637 -0.65941244908765 -0.36054529877407 
0.59953209767177 0.78502572527302 0.1558713396391 0.14797730442776 -0.30012140633316 0.94235336197998 0.78655195711129 -0.5419056671785 -0.29609840702748 
0.60810589994197 0.5431739920277 0.57893801813357 -0.15060656362098 -0.63709254503681 0.75593038836444 0.77943882213426 -0.54687759457046 -0.30561416705836 
0.46319907682184 0.064431765822251 0.88390902404289 -0.38055757377182 -0.88626445761361 0.26402887004229 0.80038899809797 -0.45867620248264 -0.38599688211145 
0.017496223227856 -0.37395944960048 0.92728000745585 -0.64562703192097 -0.71237650804795 -0.27510988065555 0.76345243324367 -0.59386365508926 -0.25390222791145 
-0.39047205619599 -0.73300997586669 0.55698110256089 -0.45150440687916 -0.37477416098456 -0.80974570009781 0.80229380148345 -0.56766249086775 -0.18461839714144 
-0.616925404854 -0.78692288519738 0.012466659472699 -0.15733060203193 0.10779125281007 -0.98164562214778 0.77113560837896 -0.60756350990685 -0.19030621356033 
-0.43745186914531 -0.71571641968939 -0.54441332530365 0.3706448852501 0.40808725235674 -0.8343183825746 0.81930350372692 -0.56675815040539 0.086758098929534 
-0.21037046346265 -0.20341172100437 -0.95622588328312 0.67153600315487 0.68077243580673 -0.29255475916931 0.71048129079473 -0.70368498804782 -0.0066161187151348 
0.28867389300466 0.23965733187475 -0.92694754262373 0.73428969738199 0.56587083090053 0.37497845678725 0.61439891260982 -0.78889452147586 -0.012625774003847 
0.80221003644736 0.39467021457967 -0.4479893739217 0.28158429238025 0.41154923098178 0.86679727547042 0.52646874903246 -0.82150024479727 0.21901599048982 
0.82173181251702 0.51690659944779 0.23992581300206 -0.31287129149174 0.057324184249098 0.94806407634739 0.47630702625268 -0.85412031081547 0.20883034117397 
0.49356844818775 0.31174722863984 0.81191369762363 -0.75094334822526 -0.31816288905071 0.57866783545244 0.43871890170108 -0.89531337612384 0.077069344255062 
-0.020849147035679 0.18392826239182 0.9827185290618 -0.87736543734753 -0.47465617858197 0.070223938098234 0.47936958853883 -0.86073916282897 0.17126847683263 
-0.50702452804271 -0.17064555680175 0.8448705355893 -0.66357504469765 -0.54828831018434 -0.50896766986685 0.5500857097013 -0.81869409602066 0.16475948872037 
-0.81270719136186 -0.41482115538285 0.40918263667416 -0.33269590599567 -0.24615722054027 -0.91034062685871 0.47835181116255 -0.87597376206294 0.062044443222463 
-0.81979275047399 -0.53773025718286 -0.19694165831618 0.18312026388465 0.079693512652714 -0.97985504693084 0.54259267892691 -0.83934207243002 0.033137142661647 
-0.51319614589203 -0.45368539689523 -0.72855972746611 0.54806441907187 0.48003119990164 -0.6849784227758 0.66049610777728 -0.75082595038065 0.0022986617933424 
-0.065209923887489 -0.077932316119816 -0.99482371299183 0.70218530408552 0.70476013927476 -0.10123707233924 0.70900173804652 -0.70515225320046 0.0087655720516511 
0.3061259027655 0.28690689659637 -0.9077286843223 0.61792415810171 0.66546191546512 0.41872446059408 0.72419380450973 -0.68908988655398 0.026428427094954 
0.64922953991747 0.62248351811137 -0.43705294207718 0.36152150220606 0.25300586040244 0.89737965100891 0.66918099789306 -0.7406094141191 -0.060782298220655 
0.64741015436894 0.75529744709882 0.10191103191502 -0.18918021876266 0.029726433026876 0.98149232498705 0.73828919594486 -0.65470764894379 0.16213253086776 
0.34739494275486 0.72074076793918 0.59987456953828 -0.5121157834324 -0.39006856959605 0.76523456232238 0.78552796137871 -0.57304385211231 0.23359487461958 
-0.059987091476779 0.41059081012142 0.90984434685281 -0.63010426426166 -0.72251188544003 0.28450868450232 0.7741900057579 -0.55622995428313 0.30205640688909 
-0.35989579308728 -0.13354715559952 0.92338517171838 -0.41874743688296 -0.86129829647909 -0.28777739415419 0.83374192783019 -0.49023504741455 0.25405510438581 
-0.64754310732008 -0.58744714015754 0.48538003840603 0.01072174883464 -0.64391814409184 -0.76501925976492 0.76195338982392 -0.49017882576674 0.42326321657538 
-0.42253544595803 -0.89488604811535 -0.14367587757699 0.28841835672718 0.017522099484032 -0.95734415313018 0.85923142890131 -0.44595059919027 0.25069785533588 
-0.090725774747295 -0.74970885079586 -0.65551923910358 0.57857969546795 0.49606989526613 -0.64742582200812 0.81056422928028 -0.43800833102699 0.38875999300625 
0.40043737163481 -0.42096941376542 -0.813900893274 0.47787278460574 0.8538121974705 -0.20650020141335 0.7818487789409 -0.30625068836592 0.54306813821477 
0.51306739189148 0.15553235222508 -0.84413952566446 0.044537558227059 0.9772977228819 0.20713658961429 0.85719207724104 -0.14387094307472 0.49449256258709 
0.42424869436788 0.69285950639335 -0.58305981659481 -0.2966304493129 0.71468304499631 0.63343391268166 0.85558367321241 -0.095780215050712 0.50872657541874 
0.27026842123511 0.94786181494759 -0.16885781073827 -0.5214447192192 0.29154337410696 0.80193382882428 0.80935183034423 -0.12868737614299 0.57305250539538 
-0.12084338566626 0.93717646125915 0.32725701917977 -0.53112487341084 -0.33955746204099 0.77627772015988 0.83863176960158 -0.08000631496325 0.53879100269121 
-0.3509902536281 0.50119184996936 0.79095674431817 -0.35433490369407 -0.85297412020099 0.38325177924111 0.8667483013437 -0.14574594262488 0.47697536867871 
-0.44825342146829 -0.14673499004306 0.88178098915722 -0.091733710646448 -0.97367651610306 -0.20865993463146 0.88918715491904 -0.17442157173481 0.4229932846282 
-0.3594080393744 -0.72249969402862 0.59060989947815 0.17877052025149 -0.67448554490877 -0.71631721380831 0.91589680768192 -0.15186652638959 0.37157717346511 
-0.14537289774642 -0.98405142184251 0.1025159488593 0.3199433812252 -0.14480676383611 -0.9363050966205 0.9362173644037 -0.10331408576294 0.33589171807594 
0.10578194015674 -0.89845868765291 -0.42612459177765 0.27371211608834 0.43828337545277 -0.85614797804366 0.9559769132375 -0.026070469554025 0.29228149440929 
0.20272099402675 -0.47413135663125 -0.85679849161854 0.2074000977126 0.87590479655805 -0.43563285784652 0.95702110637626 -0.08938816490831 0.27589918072497 
