###############################################################
snapshot: -1 
type:     linear 
num_bp:   100 
sequence: aaaaaaaaaaaaaaaaaaaaaaaaaaaaaaaaaaaaaaaaaaaaaaaaaaaaaaaaaaaaaaaaaaaaaaaaaaaaaaaaaaaaaaaaaaaaaaaaaaaa 
dLK:      0 
0 0 0 
0.098830822177212 -0.2615950613937 0.19339206923294 
0.24068385355377 -0.51402159386333 0.37160139332861 
0.34993387024945 -0.77557000745902 0.55936949817492 
0.44038983223643 -1.0739052264472 0.6950670149256 
0.47867606998581 -1.3708142101824 0.85624771903219 
0.48512449776353 -1.6863718221342 0.98266690791768 
0.45627993318991 -2.0051016717426 1.0974679273521 
0.37449590403278 -2.3202293431393 1.1954777395902 
0.28481298022012 -2.6175225950942 1.3339468535414 
0.12733537250803 -2.8992725873235 1.4408007020827 
-0.049948148029371 -3.1694947486067 1.5463968047441 
-0.18210771454714 -3.4682045746418 1.6407699407941 
-0.30593474408039 -3.7629140794456 1.7565852011673 
-0.49856705357117 -4.0251312030926 1.8552511700043 
-0.72199463840396 -4.2769496279355 1.9028704438901 
-0.95565803316615 -4.5120451174156 1.9785773047041 
-1.2389933041822 -4.6760983258249 2.0702706469317 
-1.5180796352716 -4.8025521899671 2.2176485287273 
-1.8046444802408 -4.9306555156435 2.3483012270478 
-2.1189196575003 -5.0315325072386 2.4298790765245 
-2.444221141818 -5.0847336873758 2.5132372118967 
-2.7751109655153 -5.1008728938881 2.5897319867948 
-3.1021436333031 -5.0922594015822 2.6823356689564 
-3.4353214842322 -5.0912928101513 2.7500969067791 
-3.7728895122987 -5.0944222750938 2.7905695256274 
-4.0993763013942 -5.1198578380156 2.881999327579 
-4.4256903589636 -5.1363766467747 2.9760539116769 
-4.7426682145614 -5.1253823168968 3.0985453961611 
-5.0264355355361 -5.0631929975099 3.2752049447312 
-5.3136753918753 -4.9760667434038 3.4348992801839 
-5.6160296409924 -4.8875906779648 3.5627816240992 
-5.927625502545 -4.7893644965433 3.6569072653808 
-6.2330995950989 -4.7075553096958 3.7817785420048 
-6.530663576543 -4.5981527531218 3.9046067047453 
-6.8327573324586 -4.5312592745835 4.0455486259961 
-7.1089542622999 -4.3962393728048 4.1907549690736 
-7.3975923124131 -4.2702875467413 4.3189119569367 
-7.6694321300142 -4.1507739819042 4.4845006684678 
-7.9100271785768 -3.999157080561 4.6708507096114 
-8.1815234144109 -3.910974878968 4.8555496355698 
-8.4728116561026 -3.8137121740351 5.0014644274221 
-8.743946464691 -3.7181524696259 5.1829975055785 
-9.027776263815 -3.5904907659454 5.3199030735538 
-9.2738296154839 -3.3938263197163 5.4478907437487 
-9.5105246967858 -3.1905870874203 5.5830545441658 
-9.7302248202167 -2.9883035363617 5.7455759911677 
-9.9585433205782 -2.7781521329151 5.8845258023305 
-10.161148944363 -2.5275723751073 5.9929727764126 
-10.351745047031 -2.2760296139495 6.1194613725672 
-10.502408885725 -2.0135807725971 6.2744485119778 
-10.653124391568 -1.772322837571 6.4606726916257 
-10.822498729097 -1.517132250405 6.6082873860447 
-10.977862504058 -1.2395360187418 6.7282975089355 
-11.103113861146 -0.93489307080961 6.8125873174702 
-11.136807739091 -0.60360332633069 6.8812300723111 
-11.181485887286 -0.2756490697276 6.9590109738862 
-11.225739190169 0.059662237296982 6.9937668736085 
-11.26665897859 0.39322524857191 7.0453545506724 
-11.327693597237 0.72769635699049 7.0433916548928 
-11.378869114827 1.0599641463602 7.0941773078552 
-11.467152013479 1.3868394010565 7.1251401512786 
-11.576865559213 1.7055057354609 7.1700256188584 
-11.728641782691 2.0046694334819 7.2253886008331 
-11.86297891039 2.2963647873366 7.3370459188257 
-12.021370267399 2.5732769590701 7.4546547074873 
-12.20651435908 2.8267618943559 7.5852956386651 
-12.352981229004 3.11651259144 7.6862510226424 
-12.478841880231 3.4125003789456 7.7964795403686 
-12.557975061512 3.7364318904892 7.8628596235977 
-12.668145828289 4.0519890265696 7.925198183225 
-12.793066668236 4.3642409129848 7.9751335732525 
-12.946760117327 4.6674919819206 7.9709967996287 
-13.118576313011 4.9607692727302 7.9627733212895 
-13.236789995841 5.2771833695015 7.9239449224531 
-13.328292375348 5.59512495023 7.8455837982374 
-13.40268004466 5.9131650586913 7.7511541203591 
-13.453634902169 6.2339322410411 7.6505955939989 
-13.515530968784 6.5560317357359 7.5610367169682 
-13.563528605249 6.8777336704314 7.462021101498 
-13.623767951804 7.1928650821328 7.349489263844 
-13.70627961471 7.5032105218339 7.2377863832132 
-13.787832770553 7.7995885447209 7.092496499458 
-13.791932287831 8.0841344110114 6.9064404758114 
-13.812922750292 8.3686338298231 6.7214553921384 
-13.802518426425 8.6803686899393 6.5861293893406 
-13.76246046527 8.9961625185467 6.4666738848144 
-13.753887784568 9.3201829240732 6.3640226015879 
-13.767959908349 9.6433364798676 6.259266911004 
-13.847023129026 9.9623421587454 6.1721785422065 
-13.930174075623 10.283970035601 6.0997808287801 
-14.026540522667 10.594705887327 6.0010046254906 
-14.115169303339 10.907314808894 5.900901671522 
-14.211073412029 11.209633938783 5.7784045464974 
-14.291525004496 11.518152668688 5.6603209550568 
-14.325912809621 11.828634303482 5.5260874521054 
-14.372822535807 12.133918992611 5.3839581582487 
-14.478277735186 12.423914789648 5.2411938818178 
-14.563169721823 12.714337369007 5.0861194609618 
-14.687172080539 12.992989098596 4.9358642493069 
0.84823386603855 0.48227687545575 0.21887970190481 -0.44272462336828 0.41885188720442 0.79281650112039 0.29067888875651 -0.76939723939323 0.56880020362629 
0.36673739915663 0.6652344984288 0.65035893332836 -0.83152600214956 -0.079115771032802 0.54982288286598 0.41721479816635 -0.74243097785184 0.52414507086961 
-0.28813060267603 0.47611465834067 0.83084029025725 -0.90207090280686 -0.42609133174922 -0.068660493133875 0.3213235785167 -0.76926003998733 0.55225913190092 
-0.69144579665482 0.11477437636543 0.71325279727337 -0.67165596272899 -0.46572189850296 -0.5761782545231 0.26604694702053 -0.87745652643576 0.39911034338434 
-0.98166585768884 -0.023928899425561 0.189101960911 -0.1537917475838 -0.4866635199235 -0.85994576384254 0.11260658161584 -0.8732617168684 0.47406089443116 
-0.90860323240885 -0.17119002940782 -0.38096474887791 0.41722950310809 -0.3306125293849 -0.84653109638691 0.01896596405212 -0.92811062338768 0.37182114378084 
-0.47428233293335 -0.26002651153293 -0.84109600044666 0.87627561862507 -0.23149748005293 -0.42255172101468 -0.084836954628313 -0.93744073414222 0.3376500571601 
0.14025092040465 -0.32705579763271 -0.93453955751517 0.96045279972108 -0.18436601189773 0.20866143190572 -0.24054126222684 -0.9268460923431 0.2882641536413 
0.65291181246397 -0.47263742406068 -0.59187839166713 0.71002099161903 0.10978451604104 0.69556994723608 -0.26377330533135 -0.87439191751467 0.4072620998566 
0.86443428586886 -0.50062993675174 -0.046076369675082 0.19551838892588 0.25032980525769 0.94821281798529 -0.46316943444732 -0.82867644773318 0.31427602512139 
0.78724841646689 -0.30765463384954 0.53440486247915 -0.3291791371739 0.52315158828804 0.7861001916558 -0.52142211922766 -0.79477106259771 0.31057677253364 
0.49470583830812 0.055139164794645 0.86730952147984 -0.77728685935483 0.47444174052622 0.41319507877103 -0.3887046074052 -0.87855831186793 0.27756804720598 
0.038564396543599 0.35140274923501 0.93542979167311 -0.93052309288562 0.35381717078415 -0.094552542350484 -0.36419714568603 -0.86679266118749 0.34063311874468 
-0.48654849195252 0.59732744842151 0.63755037788478 -0.6650368167072 0.22002065695284 -0.71366444701834 -0.56656561614937 -0.77122683425592 0.29019402599123 
-0.73542859679418 0.67072436022284 0.096299593047115 -0.16526299660419 -0.039719383174215 -0.98544939624209 -0.65713995539056 -0.74064242600859 0.14005668789914 
-0.69276685998543 0.53162908525909 -0.48728286796529 0.2185589270504 -0.48913933348172 -0.84437829664661 -0.68724527871232 -0.69145732200018 0.22266723768841 
-0.34158889457991 0.065945959679544 -0.93753301675285 0.43458380570154 -0.873404702353 -0.2197752072679 -0.83333903240012 -0.48250943649803 0.26968630066943 
-0.15319374057665 -0.58775171101705 -0.79440518883296 0.55022708239402 -0.71848528982451 0.42547508282637 -0.82084215026294 -0.37192312982994 0.43346435822242 
0.18914222937163 -0.87587198136166 -0.44392959952453 0.50383498768673 -0.30147845362121 0.80948196223562 -0.84283777932119 -0.37677448728356 0.38427264211912 
0.3371834599577 -0.92947307243722 0.14962326672401 0.17862020404751 0.21920464768912 0.95918931663027 -0.92433875664547 -0.29669703410334 0.23993485140198 
0.28766680785878 -0.63344853717342 0.71832496713488 0.042903979233667 0.75779866689127 0.65107636189929 -0.9567690715227 -0.15647405922682 0.24517098638874 
0.22789731455095 -0.069067412445717 0.97123246782563 -0.030563603534933 0.99648204066002 0.078034663972078 -0.97320536381552 -0.047468254448036 0.22498463205342 
0.24539563909829 0.51982046427297 0.81827114408028 -0.12085034367906 0.85389980879196 -0.50621172544469 -0.9618607876112 0.02533380089981 0.27236377106327 
0.075037036008169 0.9315969393581 0.35566358515581 -0.18465405996798 0.36348185705412 -0.91311763630424 -0.9799348556738 0.0028429159732208 0.19929775830231 
-0.040974450688599 0.9627385438711 -0.26731178525409 -0.11214119787035 -0.27027722221299 -0.95622935266243 -0.99284714137217 -0.0092043086544231 0.11903711425951 
-0.2546716781636 0.62914959494726 -0.73437941387215 -0.11424608551157 -0.77367575855922 -0.62319631943952 -0.96025526204573 -0.074810479181923 0.26891118221066 
-0.28084346444302 0.15375467154645 -0.94735761434493 0.0034937869776581 -0.98691388926735 -0.16121032418506 -0.95974722814512 -0.048584731644306 0.27663112969958 
-0.32832858085615 -0.49360320081038 -0.80532988467014 0.15178860706128 -0.86908586811542 0.47079716716303 -0.9322878105818 0.032336264346732 0.36026907201244 
-0.37767596228209 -0.8766566873368 -0.29805019721845 0.40098304625824 -0.44499109112716 0.80074685477432 -0.83460976757275 0.18290976290269 0.51958690755919 
-0.095667967929284 -0.93604911070871 0.33861438577517 0.52642336383751 0.24113504400533 0.81531118755882 -0.84482310687999 0.25625368854723 0.46968922191974 
0.17361618324753 -0.56875143488496 0.80397713041537 0.42313529353052 0.78025984126287 0.46059863599603 -0.88927720328554 0.26022372187944 0.37612454092724 
0.30581804902901 0.059567917139067 0.95022470191834 0.25802963400397 0.95550413130339 -0.14294251655217 -0.91645841633106 0.2889005335927 0.27684012141654 
0.43448694360232 0.6077576710673 0.66471927089404 -0.063268627148421 0.75679251589278 -0.65058601945289 -0.89845321339396 0.24061525543386 0.3672684606587 
0.405085384147 0.89565304148402 0.1836068104152 -0.26448342080768 0.30703137357413 -0.914210181391 -0.87518818071794 0.32177222521775 0.36125930217791 
0.051883163164051 0.94069453049978 -0.33526398206207 -0.45591255419867 -0.27637836137468 -0.84602526220434 -0.88851104681045 0.19674552511255 0.4145350625026 
-0.13954063453725 0.57869421997699 -0.80351814607896 -0.56623827236419 -0.71232773609014 -0.41468471795659 -0.81234391129815 0.39711735817249 0.42707747963943 
-0.37907556605142 0.070147605462159 -0.92270310971132 -0.36825308060155 -0.92620120334697 0.080876446175224 -0.84893544150919 0.37044654724583 0.37693231724444 
-0.60055924238269 -0.48009980040416 -0.63940032690068 0.0090649850863798 -0.80370676289111 0.59495652389767 -0.79952887529733 0.35151048481499 0.48702562215041 
-0.56950735174743 -0.81909703292322 -0.068858020317799 0.41823154739015 -0.36086652109427 0.83358126581702 -0.70763249577262 0.44593206277401 0.54808835630475 
-0.063557296370799 -0.93370389266417 0.35235991670734 0.59860582160752 0.246839490201 0.76206386636224 -0.79851834068838 0.25935941644992 0.54323213517167 
0.19511333654118 -0.59048819415424 0.78310566239065 0.47743510856973 0.75464527454578 0.45007357921868 -0.85673012262263 0.28606677921453 0.42916115250681 
0.53943495345759 -0.064349248859917 0.83956483082564 0.27032377731958 0.95753099196999 -0.10029683361167 -0.79745531937775 0.28105795414467 0.53392081810706 
0.55042800120658 0.55297327497485 0.62549945855404 0.012197665425443 0.74380012884768 -0.66829079395449 -0.83479352683527 0.37547559906021 0.40266343522143 
0.63368063396848 0.77299480868279 0.03046112084103 -0.27336230933627 0.26058343784649 -0.92594239548399 -0.72368632843779 0.57842484185048 0.37643432410262 
0.35631119741356 0.76845473847961 -0.53152577125304 -0.62321809587196 -0.2283798825506 -0.74795844418257 -0.69616200382915 0.59776244792929 0.39754058946224 
-0.1168790936457 0.54179264134791 -0.83234608862532 -0.75418484283423 -0.59371146421108 -0.28055644726753 -0.64617683362043 0.59495162076045 0.47800425588782 
-0.54108288844258 -0.032226976269046 -0.84035155133746 -0.5062444871621 -0.78544462103004 0.35608042141199 -0.67152500106312 0.61809236307825 0.40867591518461 
-0.77359941986996 -0.42022470907254 -0.47429435107481 -0.21551901614282 -0.52938005615848 0.82055366053817 -0.59589889348578 0.73699928767027 0.31896168847695 
-0.7652215535089 -0.63451125960865 0.10877240217732 0.31652749662815 -0.22370648269927 0.9218273989617 -0.56057677255131 0.73983165046394 0.37202528280751 
-0.48687552603127 -0.63419442308 0.6006243883542 0.75272104198479 0.044214502747892 0.65685318808681 -0.44312893733646 0.77190835691875 0.45584452767833 
0.071086443067624 -0.58127917455049 0.81059314014246 0.89355960165942 0.39825579321609 0.20722828342744 -0.44328089953715 0.70958216184169 0.54771817543505 
0.57718954958955 -0.086612242553225 0.8120040291062 0.64706183731231 0.65510089260418 -0.39006896723943 -0.49815981626275 0.75056055048824 0.43416086593814 
0.87373273716425 0.3376387479349 0.35013023277148 0.16669048698916 0.46839508191825 -0.86765219344056 -0.45695227929734 0.81645950489177 0.35297094967896 
0.88157703115769 0.42133883483885 -0.21282745215758 -0.29514985924401 0.14015009398958 -0.94511613664301 -0.36838634437719 0.89600867038866 0.24791120157262 
0.61541154887179 0.21944832805125 -0.75704098755007 -0.78195133267118 0.04922322776929 -0.62139294104616 -0.099099641014537 0.97438160140858 0.20189045541424 
0.11267080637958 0.2438051381614 -0.96325715361787 -0.98490490349147 -0.10080267340519 -0.14071656658982 -0.13140631822043 0.96457134295028 0.22876735757392 
-0.39943298794533 0.042208193755707 -0.9157902360918 -0.90747589639358 -0.16002763402802 0.38843101551255 -0.13015677318432 0.98620972654289 0.10222323447722 
-0.8934544501611 -0.040421711929299 -0.44733123151857 -0.43272908941553 -0.1893998205705 0.88140413156589 -0.12035231888469 0.98106768022038 0.15172846195268 
-0.97030707818213 -0.17608944752423 0.1658212305475 0.16210813396231 0.035368962466925 0.98613893006887 -0.17951358425757 0.98373855417229 -0.0057732228811014 
-0.71653522136362 -0.21193728619317 0.66457494932187 0.68111830220019 -0.0069992414079067 0.73213992448691 -0.15051622820546 0.97725820402856 0.14936956753649 
-0.15877335416689 -0.13551870121584 0.9779701956744 0.9525597091855 0.23947637989609 0.18783254219764 -0.25965558427094 0.96139780793021 0.091067186539471 
0.3697932027431 -0.0035525934200013 0.92910729535676 0.87127845851898 0.34862940162772 -0.34544375525032 -0.32268689921625 0.93725392471888 0.13201608111699 
0.72857101838605 0.25174084086118 0.63703282506523 0.51952932962457 0.4030067664065 -0.75344198309522 -0.44640065728885 0.87989322947352 0.16283229992553 
0.914671113378 0.40057781251507 0.053983057272047 -0.085237756469678 0.32171074183354 -0.94299349067803 -0.39510919911322 0.85792751133739 0.32840387644885 
0.63136703200725 0.57983895763467 -0.51493927224836 -0.6199620871041 -0.021492994922898 -0.78433733923791 -0.46585693238158 0.81444756392212 0.34590820194601 
0.20005023995152 0.56034520799001 -0.80373699017664 -0.81452717263088 -0.36080119225484 -0.45427743143774 -0.54454144611918 0.7455439273112 0.38423803287589 
-0.30597479724486 0.17160963346432 -0.93644517039346 -0.84900163924424 -0.49425881207717 0.18682730861618 -0.43078491154126 0.85220793260013 0.29692759993304 
-0.77719014537877 -0.099056127406089 -0.62142043863177 -0.50886485484042 -0.4820026435553 0.71325311854507 -0.37017838596305 0.87055231619304 0.32420152272406 
-0.97231760359285 -0.23222739366695 -0.025863398349154 0.020697952937555 -0.19585051894635 0.98041530433409 -0.23274465082506 0.95273973983408 0.19523553890924 
-0.7440546324184 -0.36971035686148 0.55650422820158 0.58428262233503 0.04390353960843 0.81036183057156 -0.32403166699263 0.92810922376602 0.18334870478614 
-0.32877794479808 -0.27597008447706 0.90318634593775 0.87000680619904 0.28355630016799 0.40334102419974 -0.3674142351378 0.91838790122095 0.14686879419853 
0.24326070513413 0.13638936182289 0.96032399288945 0.85818673318516 0.4311446830668 -0.27862123617594 -0.45203955614816 0.89191490863488 -0.012166981246367 
0.66789880092242 0.40872795514312 0.62197479885508 0.54638896895816 0.29815556596655 -0.78266362703541 -0.50534175201259 0.86258026708693 -0.024186700997698 
0.93365552734025 0.35481847205397 0.048899981150308 0.086028460338873 -0.08962265390945 -0.99225343734248 -0.34768730244133 0.93062969638617 -0.11420117304809 
0.83848012461662 0.10975776402881 -0.53376428679576 -0.47383858617504 -0.33689690451588 -0.81361997884723 -0.26912464560995 0.93512229626029 -0.2304738947521 
0.45559151737482 -0.15377364159922 -0.87680672696191 -0.86288382936768 -0.31836755613413 -0.39252209646991 -0.21878726268246 0.93541208370993 -0.27773434670113 
-0.19429032513585 -0.32140798047995 -0.92679457251474 -0.96942822505875 -0.081432754706329 0.23146840587924 -0.14986722796519 0.94343288926409 -0.29576037164764 
-0.72093438969995 -0.31076537735599 -0.61941786056344 -0.66866464149504 0.077136897629607 0.73955222684996 -0.18204725475119 0.94735145498445 -0.26340846185478 
-0.98256961406008 -0.16985121162825 -0.075548126610613 -0.12094676691464 0.27548118694651 0.9536676544855 -0.14116951901465 0.94618216086939 -0.29122239844174 
-0.89149189168324 -0.0086667711812113 0.45295374393038 0.41695489727243 0.37531428934942 0.82782111464437 -0.17717454869086 0.92685709323915 -0.33097599310023 
-0.52447636888488 0.16145123526638 0.83597729461533 0.81610679158313 0.37518646458067 0.43955070416004 -0.2426813614875 0.91278070500346 -0.32853788420818 
0.14130120642642 0.46683366713623 0.8729835601492 0.96046867882652 0.1490144955105 -0.23514803235644 -0.23986222306918 0.87170006731464 -0.42732318751532 
0.70093079751292 0.39737087041334 0.59227730704874 0.71312736317764 -0.37642454700968 -0.59139996981412 -0.012057403757582 0.8368996067367 -0.54722359896049 
0.98400621264197 0.14228642698471 0.10717437276648 0.16709386283773 -0.52875538803508 -0.83216427502376 -0.061736654297672 0.83676299650502 -0.54407377550874 
0.89366522849521 -0.20345248452377 -0.3999619305882 -0.44768967051054 -0.34345532279865 -0.82559820745899 0.030600952548932 0.91686723563582 -0.39801765528769 
0.52487686942496 -0.35858863016806 -0.77195755469915 -0.84298475722031 -0.093459957388266 -0.52975648694413 0.11781753280826 0.92880537825705 -0.3513397191948 
-0.025281433082729 -0.30130709368751 -0.9531919452213 -0.99936235425732 0.031666416887732 0.016496149095014 0.025213766770699 0.95300119272498 -0.30191553890147 
-0.56082317767027 -0.2773087580504 -0.7801135917908 -0.82690044578027 0.14050460072315 0.5445127270726 -0.041388599353803 0.95045163468957 -0.3081049723054 
-0.8652649353196 -0.31983631156355 -0.38603280367313 -0.44411964488565 0.13186327955609 0.88621093230194 -0.23253888434587 0.9382519966993 -0.25614226116926 
-0.96351974486314 -0.2124650639864 0.16275225910673 0.10871670215986 0.24496950227902 0.96341612070027 -0.24456160763807 0.94596434369308 -0.21293445125413 
-0.67468201792824 0.025256667205932 0.7376762673737 0.68152123804364 0.40508755621692 0.6094529300071 -0.28343072659844 0.91392897566483 -0.29051824496902 
-0.16662966302346 0.25753908470089 0.951792086147 0.95093859043358 0.2971655692237 0.086072188842209 -0.26067288432981 0.91943800460916 -0.29442045284896 
0.39105203385052 0.44948098109841 0.80314703165241 0.87607894035334 0.085653971577364 -0.47449877494327 -0.28207090791309 0.88917391143906 -0.36028566183704 
0.86713241538029 0.35847299720167 0.34580122104226 0.43828215429274 -0.21933485574414 -0.87166563215753 -0.23662233078361 0.90740802913191 -0.34730468070768 
0.98376177665589 0.032657223428927 -0.17648306589874 -0.14826781563567 -0.40624310184763 -0.90165580852576 -0.10114060330922 0.9131812788045 -0.39480442044532 
0.73904215647555 -0.18765630671607 -0.64699443699437 -0.65937927625808 -0.39820550503951 -0.63769220302421 -0.13796978289972 0.89789614449893 -0.41802733487253 
0.14420576420477 -0.39435633194803 -0.90757246598988 -0.93968293244095 -0.34204607922338 -0.00068276445833645 -0.31016235111536 0.85292881481428 -0.41989493067919 
-0.46167856387655 -0.51904782000691 -0.7193345982249 -0.85118249859408 0.030967037689971 0.52395552928054 -0.24968231363844 0.85418405693581 -0.45610123781174 
-0.82491504494641 -0.50453095153156 -0.25487975119236 -0.43185614239976 0.27159439511394 0.86007950610058 -0.3647128197538 0.8195639105583 -0.44192709310246 
-0.85745196610352 -0.34778166390933 0.37924140079058 0.15052613592635 0.53524378428766 0.83117746226949 -0.49205488334966 0.76978049184816 -0.40659560516785 
