###############################################################
snapshot: -1 
type:     linear 
num_bp:   100 
sequence: aaaaaaaaaaaaaaaaaaaaaaaaaaaaaaaaaaaaaaaaaaaaaaaaaaaaaaaaaaaaaaaaaaaaaaaaaaaaaaaaaaaaaaaaaaaaaaaaaaaa 
dLK:      0 
0 0 0 
0.16537014833277 0.21732482133217 -0.20254045539927 
0.35150554902495 0.42358553247781 -0.39852548453888 
0.54457574615227 0.61737712551138 -0.6004381326091 
0.70893127332222 0.82281649151967 -0.81580277126366 
0.89639283968041 1.0304867742026 -1.0090156456508 
1.0516498347415 1.2213610682841 -1.2436691547733 
1.2331085808069 1.4373918213191 -1.4334148720359 
1.3337367656597 1.6966438026923 -1.6290225880578 
1.3973796933605 1.9687796146201 -1.8226502658832 
1.4344812942681 2.2420404916584 -2.0215270224194 
1.4794782231498 2.4852766407003 -2.2547896473521 
1.5242043454396 2.7437072023634 -2.4711532736468 
1.5333296830392 3.0177153468896 -2.672240978261 
1.5268921780565 3.3044074966888 -2.8549050682544 
1.5238605185251 3.5897954593995 -3.0396874261253 
1.503976680268 3.8693197958218 -3.2322251583334 
1.5109724416885 4.1615213907056 -3.4059182418731 
1.4945058083867 4.4610121309573 -3.5660249140989 
1.480412741488 4.747137763844 -3.7491464793787 
1.4279481936142 5.0018067946078 -3.9682153178434 
1.3351675102928 5.2317168150298 -4.2008805866566 
1.2400234424892 5.4460755120752 -4.447047106238 
1.1176739889191 5.6360099225922 -4.7011249110786 
0.94622137077146 5.8490491187414 -4.9031603055876 
0.75908130450921 6.0481937220504 -5.1054472863162 
0.52040780102786 6.2013572878277 -5.2929996279553 
0.31078775854557 6.3655780698918 -5.5044020227572 
0.10479909444689 6.5374468160403 -5.7132795092419 
-0.12731412491228 6.6954573531126 -5.9049983752224 
-0.34876853269114 6.8911635604372 -6.0730966372299 
-0.54249464247006 7.0750468638048 -6.2834704120511 
-0.74664871937965 7.2097510215473 -6.519639636905 
-0.97782481975384 7.3623387109126 -6.7168060835178 
-1.2042507584463 7.47986711911 -6.9415689976158 
-1.4692092507026 7.6032908679389 -7.1152456385503 
-1.7358934445638 7.7001034206675 -7.3026139132895 
-1.9940161176143 7.8081240523542 -7.4957569400528 
-2.2482381169041 7.977789460639 -7.6447026493185 
-2.5128741739625 8.1618674550997 -7.7527908043583 
-2.804828654253 8.3086658158379 -7.8466674400183 
-3.1194350140631 8.403503177309 -7.9340099453421 
-3.4427256916649 8.5039858341961 -7.9654165281024 
-3.7718843725934 8.5769424104857 -8.0093699209805 
-4.1061476339663 8.629457388115 -8.0426903234531 
-4.4413587570234 8.684636434742 -8.0564298937571 
-4.7689865732618 8.7016344716916 -7.9671489844497 
-5.100420560873 8.6722758355534 -7.8972234358984 
-5.4323601611845 8.6604142281545 -7.8245914593663 
-5.7418986087415 8.6789450407965 -7.6851548842978 
-6.0508708861132 8.7023817335288 -7.5452018448541 
-6.3455270148425 8.6677361642889 -7.379137247982 
-6.6477147129527 8.6337729090995 -7.2270547295659 
-6.9161216254881 8.5658794729186 -7.0297017193868 
-7.1455940144563 8.4996480221608 -6.7877186256968 
-7.3500068280072 8.4544102198827 -6.5198213638571 
-7.5155689231863 8.4019011550682 -6.2275338500078 
-7.6711853305441 8.3416252700601 -5.9313069919284 
-7.7881046823512 8.3148572852251 -5.6131665509894 
-7.8486208517811 8.2603333995185 -5.2830681730398 
-7.9008361755145 8.2026304760062 -4.9520939556368 
-7.9329043957631 8.1358779817944 -4.6202570472517 
-7.9462226891331 8.0229041282079 -4.2998517859535 
-7.8767934743997 7.8935228144841 -3.993192268246 
-7.7602017283107 7.7652593412143 -3.7006946679676 
-7.6075938330501 7.6456770475694 -3.4213903440648 
-7.3981560351909 7.4908647520798 -3.20282922677 
-7.2092974700832 7.3082449532271 -2.9869995451865 
-6.9631236366091 7.1603141531916 -2.805024486144 
-6.7079732966258 7.0267164007609 -2.6243315295798 
-6.4657153287037 6.8769047976653 -2.4386771179539 
-6.2408794009083 6.7190120305892 -2.2383806385105 
-6.0100851037706 6.5464835037925 -2.0579148526948 
-5.7759547655629 6.3532742302058 -1.9047706026205 
-5.548522685626 6.1380469600796 -1.7722871273882 
-5.3158287820528 5.9187775231683 -1.6566391214546 
-5.1190744613607 5.7007348794649 -1.4853348809472 
-4.9175528343629 5.4772830473342 -1.3270367048059 
-4.701260120244 5.2638800476765 -1.174469927439 
-4.511140095541 5.0159657679632 -1.04033236327 
-4.2971612961143 4.778178660508 -0.92513529332449 
-4.0628005908305 4.5442457051918 -0.8479962485035 
-3.8139826365859 4.3422806766724 -0.73441916938677 
-3.567111273977 4.1339182211396 -0.62840210732619 
-3.3415166088813 3.9106028625493 -0.50659366058278 
-3.1852951994236 3.6434720863879 -0.36575325567544 
-3.0212405086588 3.4138050431708 -0.17617712928306 
-2.8312664150784 3.2039433829079 0.012152176243259 
-2.6720108162308 2.9643380125932 0.19333418625536 
-2.491858070013 2.7131328036586 0.33490018158734 
-2.3124829487913 2.4592748214007 0.47267060922197 
-2.1967270102828 2.1471348035538 0.54172980092429 
-2.0533596752694 1.8509339018828 0.62723321080004 
-1.9378137491955 1.531274893569 0.63543426997295 
-1.748194135407 1.2491127633925 0.6300552030485 
-1.5857256070217 0.95063529553077 0.61932308009254 
-1.4272874882708 0.65331673829617 0.57350782007353 
-1.2778535305794 0.35711745078897 0.4991070514694 
-1.1635621074991 0.042280593033344 0.44066713695167 
-1.0349079163877 -0.26541514388011 0.37455032672336 
0.27585841078578 -0.7592514132914 -0.58943992790932 -0.82905604126328 0.12236258872162 -0.545612937279 0.48638278921402 0.63919065097697 -0.59570722176255 
-0.29608167174397 -0.5038460153362 -0.81146462429804 -0.78270454845525 0.61491137663438 -0.096216364060773 0.54745706085936 0.60664915042836 -0.57642655629299 
-0.70696480564882 -0.031808053405694 -0.70653309286437 -0.42159594673596 0.82104593975676 0.38489014342376 0.56785352096272 0.56997527362815 -0.59386072961829 
-0.85078121497695 0.49467276208367 -0.17739837286413 0.20614826884204 0.62466056479047 0.75319457648676 0.48339860932337 0.60423342943612 -0.63342540780751 
-0.50366847277962 0.78672168318481 0.35691324258803 0.66507362274216 0.089434464277594 0.74140309746586 0.55135754811233 0.6107949490674 -0.56827315996211 
0.050315766933406 0.75822208763916 0.65005198977772 0.88822849477588 -0.33156438188675 0.31798616594479 0.45663822076792 0.56139498259261 -0.690157379772 
0.54382499985641 0.24750835647842 0.80186905602132 0.64762360775376 -0.73145475905098 -0.21344225950291 0.53370219430987 0.63538456775016 -0.55807563900763 
0.92893733593495 -0.089504264110914 0.35925535850151 0.22244099656906 -0.64076036833644 -0.73481028396091 0.29596524956732 0.76250582756811 -0.57531681182916 
0.88184244292325 -0.39234369343204 -0.2615728045559 -0.43279978180811 -0.45324072159503 -0.77926708974194 0.18718508147282 0.80039944684648 -0.56949317007485 
0.3987243739314 -0.57442186136674 -0.71488348618289 -0.91055542672535 -0.15521673070461 -0.38314041991206 0.1091223556107 0.80370846187741 -0.58493163687104 
-0.29363983247251 -0.63278812283535 -0.71648785082793 -0.94671048302794 0.29627926757542 0.12632441145739 0.13234390847557 0.71540043835848 -0.68606654391971 
-0.84337846480617 -0.25155071604638 -0.47479996035988 -0.52096836927728 0.59915407080754 0.60795259490142 0.13154741849916 0.76008988724449 -0.63636360674924 
-0.99775891808362 0.057873741069899 0.033582309021449 0.061292717450165 0.58920764908394 0.80565349192349 0.02683922823429 0.80590630743003 -0.59143442533577 
-0.78375854092988 0.3211129911292 0.53160981598117 0.62077698031669 0.43113759262564 0.65479486630081 -0.018933838184389 0.84321220529179 -0.53724732350995 
-0.32985260606714 0.51060936972094 0.79402476650534 0.94399033453766 0.18634751485458 0.27231755728744 -0.0089166456807895 0.8393763609137 -0.54347752314988 
0.2593637111294 0.56029171757736 0.78664074173881 0.96400743533712 -0.10087018671419 -0.24599770333682 -0.058481877226493 0.82213040124207 -0.56628744767089 
0.723611685666 0.33979209893974 0.60077238440672 0.68990054797953 -0.3820270742293 -0.61489230638653 0.020575768883664 0.85941645554061 -0.51086201041077 
0.99277278308916 0.094280023646058 0.074252799938221 0.10980260841944 -0.46390250867214 -0.87905508907691 -0.048431274417089 0.88085511838727 -0.47090197713465 
0.90771039771718 -0.19355624964161 -0.37228727093576 -0.41754486593014 -0.50431770078103 -0.75585709073497 -0.041450196760701 0.84154597907875 -0.53859283905828 
0.5540822376504 -0.47432984409528 -0.68410823187629 -0.81803549513088 -0.46256935675917 -0.3418296635656 -0.15430749374648 0.74902656106974 -0.64432011313145 
0.024975985276762 -0.70608665019427 -0.7076848469318 -0.9617225820099 -0.21020743530247 0.17579109589446 -0.27288436271009 0.67620594241769 -0.68430961415672 
-0.5921219115517 -0.70696946342555 -0.38676326046314 -0.75570082599899 0.32047753016786 0.57114832945735 -0.27983549354001 0.63046675601595 -0.72401917523914 
-0.86904456189671 -0.49214089784825 0.050585433702346 -0.33951224843113 0.66762951402207 0.66257246031803 -0.35985133402975 0.55863061916776 -0.74728766129597 
-0.7903065946236 -0.057537428844135 0.61000404160668 0.34802992216498 0.77722557247636 0.52420948366718 -0.50427240631655 0.62658587102709 -0.59422174855594 
-0.44987329571128 0.39224903305974 0.80234326436356 0.70332118732541 0.70927671281738 0.047600967575308 -0.55041195959485 0.58571942149689 -0.59496170802525 
-0.054867562606585 0.73803135795089 0.67253198084162 0.71007913432875 0.50237089387535 -0.49336711278502 -0.7019808925922 0.45048107581567 -0.55162453423269 
0.41892775354496 0.86989439338822 0.26035222615047 0.6666264828753 -0.099962604830539 -0.73865865591947 -0.61652953671261 0.48300230018834 -0.62177174941748 
0.75265944955839 0.61438248019696 -0.23672330053776 0.25778038634177 -0.60581156012207 -0.75268959474666 -0.60584901205496 0.50549631220164 -0.61434554848437 
0.6833891494636 0.1328801433826 -0.71785941373648 -0.25868741501839 -0.87542133037705 -0.40831154236929 -0.68268593929167 0.46473687374201 -0.56387901758971 
0.30213127819665 -0.40095777949242 -0.86484076557468 -0.69604415306292 -0.71267806566557 0.087249708917093 -0.65133649346723 0.57560649213129 -0.49440665296301 
-0.13127354788358 -0.80315147864043 -0.58113247885811 -0.81124284771028 -0.24989418409678 0.52861889749946 -0.56978267582035 0.54083324519884 -0.61874639653307 
-0.4768789643465 -0.87468623589406 -0.086662806908536 -0.64190532568731 0.27921050003537 0.71414217738785 -0.60045316738116 0.39618869924249 -0.69461536721728 
-0.71331586533602 -0.58807686016953 0.38124281343141 -0.16992960254788 0.67287112172243 0.71997804392208 -0.67992970698291 0.44878732166259 -0.57990131356727 
-0.71231662360349 -0.031426144896435 0.7011543518763 0.22159447932634 0.93782909521598 0.26715627430111 -0.66595864321307 0.34567178881607 -0.66106739440577 
-0.26055236444659 0.55364375141799 0.79094314707004 0.56992986865436 0.74946753868467 -0.33686548246077 -0.77928968310692 0.36301102596715 -0.5108136498072 
0.038092090941186 0.90884907716121 0.41538217047797 0.61912850549421 0.30481944093339 -0.72371610602056 -0.78436527606225 0.28474280214311 -0.55108316099788 
0.42655447531794 0.9020837086566 -0.065545878303308 0.49162020795582 -0.29207323458063 -0.82036747666586 -0.75918433250144 0.31770774025499 -0.56806772577426 
0.66250987637109 0.51610865596001 -0.54287431229886 -0.044808300068782 -0.69614293078609 -0.71650347951801 -0.74771176261696 0.49901590672003 -0.43807561548733 
0.40091006056829 0.038913876104366 -0.91529057330534 -0.48317271767416 -0.83986034460592 -0.24734333719302 -0.77834134428953 0.54140586606069 -0.31790633835228 
0.05022538457212 -0.46526182689342 -0.88374704705608 -0.5100289200732 -0.77273205870564 0.37783020807957 -0.85868964791334 0.43175988452415 -0.27610775194144 
-0.094491276704175 -0.82567748879834 -0.55617270979294 -0.36724321405919 -0.49035990239733 0.79036674262539 -0.9253128229708 0.27893341609156 -0.25688972154059 
-0.2821981388354 -0.94991093113496 -0.13428861957752 -0.12743274576003 -0.10162170475093 0.9866275510199 -0.95085493412292 0.29553722613862 -0.092372302236045 
-0.25042070926946 -0.81510120119539 0.52239783707324 0.006723218595175 0.53811359644197 0.84284551114421 -0.96811376743682 0.21457816555762 -0.12927468493566 
-0.15529288722937 -0.42161167928271 0.8933799365714 0.096669283948929 0.89352503749148 0.43848381602582 -0.98312723933208 0.15445581655671 -0.098001183742982 
-0.01834168456057 0.13524454630178 0.99064246592956 0.16623796697176 0.97743053063769 -0.1303629399576 -0.98591506781495 0.16229131360893 -0.040410500894062 
0.23248424252323 0.64157208299594 0.73098313202052 -0.1319260607898 0.76543179947963 -0.62984893016485 -0.96361122423044 0.0499942263222 0.26259090972757 
-0.029743313185397 0.96411553465706 0.26381162058099 -0.22106310883944 0.25104799969744 -0.94239376258448 -0.97480584591545 -0.086348929818139 0.20566337809216 
-0.10719637924743 0.93532630420685 -0.33715521786709 -0.18804528044178 -0.3520619210693 -0.91689223807191 -0.97629294209261 -0.034887080585148 0.21362346038869 
-0.31742794256275 0.543716907287 -0.77692433737823 -0.26532665497607 -0.83749711295088 -0.47770320488577 -0.91040719869715 0.054502390123564 0.41010757373068 
-0.41735834086578 -0.14989420629662 -0.89629445062902 -8.2434914319174e-05 -0.98629619396414 0.16498427493657 -0.90874199226962 0.068931449212711 0.4116265865991 
-0.30478524444947 -0.66692982957612 -0.67993423004546 0.39502982863577 -0.73812007872881 0.54692795125623 -0.86663567273326 -0.10189873305855 0.48842528491795 
-0.0047692275832644 -0.97389078671114 -0.22696693597831 0.45829499844556 -0.20385862374168 0.86510540162797 -0.88878734738292 -0.099891927027505 0.44730152475337 
0.4050443869367 -0.87997943128881 0.24814359778091 0.46123314159094 0.43100054695267 0.77556593377008 -0.78943209569232 -0.19968657700268 0.58045002993862 
0.71031448101472 -0.43273914733293 0.55514878044208 0.19984484858017 0.88022180143977 0.43043189561893 -0.67491879108284 -0.1947983845818 0.711714981441 
0.75755714443037 0.21884481858504 0.61499115302645 -0.25426110544163 0.96664575464448 -0.030777837599727 -0.60121415750292 -0.13305235964153 0.7879331230579 
0.50115994108871 0.75669948419677 0.41981496407855 -0.71534677095843 0.63525952430019 -0.29107444763367 -0.48694733876194 -0.15443842592505 0.85966915838041 
-0.03113285624447 0.98251428694279 0.18356584980706 -0.8885638655691 0.056892558447656 -0.4552114822784 -0.45769531575812 -0.17728201472962 0.87125546493923 
-0.50885063885451 0.85310824153969 -0.11522740799976 -0.78918772535954 -0.51575964844419 -0.33342873178321 -0.3438804464915 -0.078729367161879 0.9357071792324 
-0.90580898428834 0.41220273933763 -0.097974413317832 -0.38448679390539 -0.89686797835866 -0.21862693042525 -0.17798873361752 -0.16036436972525 0.97087758220481 
-0.97622172373811 -0.12646762592765 -0.17605989234872 0.15299027652942 -0.97734483912214 -0.14625676301871 -0.15357448156863 -0.16971448091862 0.97345358059714 
-0.67880312926508 -0.70445047291617 -0.20730615742941 0.72823785328465 -0.6820584450965 -0.066827438345375 -0.094318294849029 -0.1963308653287 0.97599090701503 
-0.12169216504802 -0.93448591121043 -0.33455507575751 0.99179464325309 -0.12778386055143 -0.0038302215327769 -0.039171451088183 -0.33227603996036 0.94236841558269 
0.47813878020259 -0.76520495078995 -0.43109707741157 0.8542155511019 0.51928393909637 0.025690131415981 0.20420357274528 -0.38053327565807 0.90193975796337 
0.86794132712029 -0.22303533521825 -0.44377144108277 0.35928519617619 0.89885541925138 0.25094438246556 0.34291690026197 -0.37724550961732 0.86028705964244 
0.87339791505476 0.36707306818102 -0.32005225291207 -0.18897797835818 0.86113622015521 0.47194463026123 0.44884675076645 -0.35171262836711 0.82148330559631 
0.58641376958766 0.8099263505255 0.011755745932628 -0.52599512385409 0.36972103275832 0.76592133252563 0.61599352311509 -0.45533028085181 0.64282681557301 
0.15054260794332 0.81573711601875 0.55848892624919 -0.8177982864096 -0.21465839442013 0.53397353534649 0.55546636796398 -0.53711705544914 0.63479318112799 
-0.24717398020008 0.56075831806073 0.79022473527324 -0.64394883921913 -0.70444750596754 0.29846876520747 0.72404068668854 -0.43509058833967 0.53522076188971 
-0.56176849150571 0.044425695262702 0.82610079261055 -0.348213586466 -0.91849266979344 -0.18739934294495 0.75044217642128 -0.39293456597265 0.5314498722476 
-0.70135080392751 -0.46992232550811 0.53598512835642 0.020430475110553 -0.764869231996 -0.64386151743415 0.71252343506513 -0.44062236204587 0.54604238713498 
-0.53274944777107 -0.84361667762272 -0.066999456239213 0.52809464725232 -0.26954104090775 -0.80527242024652 0.66128214057463 -0.46439049140039 0.58910729248068 
-0.20461323684971 -0.82490162081331 -0.52694472128054 0.70523386966611 0.24908867059424 -0.66377708853 0.67880675628756 -0.50743684351958 0.53078172298715 
0.12861656226104 -0.51560002991291 -0.84712123634454 0.71362605480403 0.64127549571434 -0.28196381416978 0.68861864178732 -0.56826256937267 0.45042426492465 
0.50580318732397 0.0034850535293416 -0.86264186664846 0.5447127707423 0.77412646474325 0.32251544765218 0.66891788216727 -0.6330213827241 0.38965728009482 
0.70161630541646 0.45561976458605 -0.54785508128728 0.1983422292487 0.61359724737976 0.76430280524446 0.68439383403885 -0.64491010856284 0.34014119392255 
0.71717165676436 0.69430702731234 0.060021384177369 -0.38830870375716 0.32660317442534 0.86171150453136 0.57868917850626 -0.6413018932453 0.50383600149224 
0.37939130034217 0.73773694007556 0.5583963184626 -0.71046203676906 -0.15432936387674 0.68660479298886 0.59271066764031 -0.65721127097251 0.46558287100374 
-0.051552002716722 0.54570480742154 0.83639025231814 -0.76983709585624 -0.55520659017018 0.31479594672609 0.63615504152643 -0.62765588134625 0.44872581578508 
-0.49953180222961 0.083461216059197 0.86226573860682 -0.66165668744972 -0.67923518441325 -0.31756887789612 0.55917654324407 -0.72915964621548 0.39452224755595 
-0.73968332927028 -0.40540463876001 0.53713652945175 -0.23830210329233 -0.58866229976402 -0.77245634465838 0.62934941007846 -0.69937384545642 0.33881491160437 
-0.70647085553584 -0.70774213270633 6.2215705149651e-05 0.16052940527283 -0.16032667031308 -0.97392282488343 0.68929619201125 -0.6880381038712 0.22687954359115 
-0.39569154252972 -0.76944375864222 -0.50138259389098 0.55486154272212 0.2347397108062 -0.79813904589274 0.73181751248412 -0.59401478976293 0.33405023269627 
-0.059975838076833 -0.50820327148598 -0.85914628189726 0.68497660803109 0.60511809160234 -0.40575749120108 0.72609224296724 -0.61283075156721 0.31181488841346 
0.40863436739405 -0.082969212554001 -0.90891917327813 0.62671165299679 0.74947774727355 0.2133438781398 0.66351372086976 -0.65680987820664 0.35826013748061 
0.81999018399797 0.196010120524 -0.53776958894966 0.34131959691646 0.58676139024557 0.73431056350684 0.45947473369897 -0.78567875341592 0.41423648502161 
0.8101547311709 0.58614678381169 0.0090143989535539 -0.33291102096002 0.44737394494439 0.83007638534548 0.48251379636719 -0.67549130357989 0.55757684233051 
0.47988691059574 0.78535124238636 0.39106518525822 -0.67639483271221 0.047307395598211 0.73501839473706 0.55874733405992 -0.61724017724376 0.55390972213624 
0.093547694431932 0.63931203807154 0.76323583959563 -0.87855072372505 -0.30764829819889 0.36537809247068 0.46839882014011 -0.70472167739625 0.53288826474146 
-0.33048256808898 0.27226447004434 0.90368873542873 -0.78104325967799 -0.61643265030873 -0.099911031146999 0.52986101828768 -0.73883884980743 0.41637057450582 
-0.70647363033335 -0.12072614312727 0.69736662381358 -0.47176350485302 -0.65418057895936 -0.59117422609689 0.52757388594619 -0.74664112428791 0.40520714010186 
-0.9356439195564 -0.30941032128261 0.16981080319244 -0.093050354255753 -0.2478571226417 -0.96431762315564 0.34045864267184 -0.91805887602025 0.2031152697127 
-0.82483157402259 -0.4837237848324 -0.29268442815219 0.37662771930861 -0.084013310847103 -0.92254719372442 0.42166863239243 -0.87117912256199 0.25148061728164 
-0.54996493286719 -0.21946798936223 -0.80583644386537 0.7629198484602 0.26059065650894 -0.59164669741798 0.33984095904085 -0.94017355386416 0.024120762273269 
-0.027378386967169 0.0006576722746589 -0.99962492535662 0.82958775288021 0.55792871310391 -0.022354224778603 0.55770474643694 -0.82988861816593 -0.015820785071913 
0.50328110118628 0.30304538107896 -0.80924139179562 0.71997835824448 0.37080877462983 0.58662766412541 0.47784861289783 -0.87787490547578 -0.03156506751754 
0.84011030549174 0.48508617849579 -0.24270573548824 0.27760373090398 -0.00010597632332632 0.96069566323424 0.46599446691432 -0.87446634480765 -0.13475076476181 
0.84211377232102 0.31487293180379 0.43783493611695 -0.31252825877871 -0.37670976244806 0.87201825803188 0.43951164026901 -0.87117437502119 -0.21882579001212 
0.42699137942518 -0.012825238079124 0.9041647389524 -0.83945262094772 -0.37732827772735 0.39107885139863 0.33615124435379 -0.92599075810478 -0.17188210152275 
-0.14214887493812 -0.26440237337323 0.95387896627837 -0.91466450882208 -0.3333002842243 -0.22869140088166 0.37839467973941 -0.90498746151017 -0.19446120655385 
-0.69826170973888 -0.3237366746018 0.63845528444077 -0.61930423833777 -0.1741122573078 -0.76560249622905 0.35901649696011 -0.92998897164042 -0.078915572212091 
