###############################################################
snapshot: -1 
type:     linear 
num_bp:   100 
sequence: aaaaaaaaaaaaaaaaaaaaaaaaaaaaaaaaaaaaaaaaaaaaaaaaaaaaaaaaaaaaaaaaaaaaaaaaaaaaaaaaaaaaaaaaaaaaaaaaaaaa 
dLK:      0 
0 0 0 
-0.32157276307551 -0.013458440308741 -0.10958936277048 
-0.65530030594292 -0.04327725835491 -0.16735410307113 
-0.98729006176929 -0.02354892497826 -0.23801947569825 
-1.305289254439 -0.0091713039923729 -0.35747573328318 
-1.6309849907688 0.034310004113978 -0.4448351242035 
-1.9590564445168 0.10474375643169 -0.4996822551232 
-2.2909204044651 0.17430997432382 -0.52471929599457 
-2.626470859887 0.22107300874515 -0.49609918981241 
-2.9640249398852 0.18113913867798 -0.4881916555569 
-3.2897557689012 0.083708622710393 -0.4855990532249 
-3.616262225631 -0.0073312756333766 -0.45904212148772 
-3.929901697506 -0.12928648220971 -0.4104910219029 
-4.2204093303925 -0.291790701331 -0.3412256337029 
-4.5062757642461 -0.47069168329938 -0.29792643455852 
-4.7792577508039 -0.64675002677327 -0.19750584549342 
-5.0123974014896 -0.85180011011362 -0.058940458039422 
-5.2409014654323 -1.0564730667818 0.087670842924557 
-5.4454639442458 -1.2636732569924 0.26323357655097 
-5.6495167028597 -1.4426063663357 0.46803937256945 
-5.7972977309837 -1.6429447388995 0.69961075293652 
-5.9789337463524 -1.867201927666 0.8793802475889 
-6.1005140022778 -2.1235695488067 1.0667138649665 
-6.2113768249643 -2.3589298735421 1.285608707497 
-6.3261782686272 -2.6168018113321 1.4751415337654 
-6.4314638435872 -2.8532988100788 1.6955595849526 
-6.5544789508224 -3.1253258610276 1.858251216403 
-6.6870141592032 -3.4018605284101 2.0050946577789 
-6.823592152499 -3.6751152425665 2.1543538716941 
-6.9224374914356 -3.9632901497803 2.3053002920653 
-6.9123631620777 -4.2557877957663 2.4783425845276 
-6.9108981993421 -4.5421199139811 2.6616777201749 
-6.8828463858712 -4.8310520096152 2.8386843298636 
-6.8380250608696 -5.1155116020831 3.0194432551703 
-6.8035895055252 -5.4010846845105 3.2007226172638 
-6.7629745818484 -5.6917385877116 3.3723930472415 
-6.7143913763649 -5.9671509887554 3.5657519919435 
-6.6415532688141 -6.2718015221776 3.6979740119477 
-6.5959189635604 -6.5768487963056 3.8410252990131 
-6.4875028055169 -6.8615799903087 3.9919361463258 
-6.3151920252717 -7.112487601118 4.1434431291658 
-6.130078476735 -7.3739527658556 4.2573243909118 
-5.9774955412884 -7.6339788497697 4.4145022630657 
-5.8535618970749 -7.9113244260961 4.5672107537405 
-5.7192386944403 -8.2009955045001 4.6840351671574 
-5.5441374630194 -8.4548628270463 4.8271817399354 
-5.3568714239018 -8.6859285030033 4.9919242177236 
-5.1112993705626 -8.9037248853429 5.0805757967199 
-4.8346482445436 -9.0471880267659 5.2165260873612 
-4.5440102372912 -9.1773067599175 5.3356842344742 
-4.2309143374091 -9.2585106726569 5.4404548507405 
-3.9129697112279 -9.3612291624705 5.5033843869925 
-3.5797192014738 -9.4160251398143 5.5426463102206 
-3.2418885421025 -9.4284853023257 5.5789118577687 
-2.9104483799997 -9.4510806189863 5.651278083387 
-2.5744897773505 -9.4686069633649 5.7005187633047 
-2.2409982360822 -9.4589767228503 5.7660218194936 
-1.9112464984331 -9.4207732063652 5.8395356470743 
-1.5904080959268 -9.3754957932688 5.9425534869881 
-1.2696978166467 -9.2735784335612 5.9911103459715 
-0.95985420217695 -9.1406227936985 6.0349250969239 
-0.65733636336699 -9.0046376293084 6.1096980349933 
-0.3659286352999 -8.8344001595693 6.1509380631167 
-0.077198765240917 -8.6560451320545 6.1303335418676 
0.19888812983864 -8.4602248836188 6.0982328149614 
0.43829276454909 -8.2217680935536 6.0604998035392 
0.61510637367981 -7.932139513947 6.0392340211355 
0.77784030221563 -7.6355819487585 6.0734579752134 
0.9285021733467 -7.3372703322045 6.1359974029067 
1.0670845546497 -7.0372403489917 6.2158531025513 
1.2103138100123 -6.7399420263064 6.2977010575459 
1.2951584203643 -6.4112483683393 6.3167239728426 
1.3797995865091 -6.0822681982694 6.3023045174296 
1.4144941521176 -5.7450738216168 6.2759181673386 
1.4046595331753 -5.408253913205 6.2305791160941 
1.3825362559994 -5.0871819481127 6.1209280612031 
1.3725251321225 -4.7662137198363 6.0092178385919 
1.3197014437836 -4.4520193822619 5.8905098936747 
1.3075000572211 -4.1403541050348 5.7551737154485 
1.2912902068185 -3.8407211893068 5.5953070317327 
1.3112710635545 -3.5320585369069 5.4541399945833 
1.2713226427008 -3.2547523106173 5.2615124250811 
1.2349914869827 -2.9982408906267 5.0413262798799 
1.1776165373531 -2.7532540553086 4.8126571615543 
1.1456604036913 -2.4858149629633 4.6051598425188 
1.0988283234172 -2.2015503264029 4.424604109687 
1.0031579956079 -1.9296805617595 4.2442322176152 
0.92615678519641 -1.6907098278197 4.0149642479477 
0.83445302179022 -1.4514194452184 3.7915128380805 
0.76854214524704 -1.2310437213405 3.5411325339856 
0.66581353234614 -1.0600509625357 3.2657994474745 
0.53839980021366 -0.89742193795958 2.9957669656699 
0.39424926283063 -0.75953211173345 2.720436222026 
0.25078002272761 -0.61782892979072 2.4466903811963 
0.10351786065502 -0.47643254986736 2.1748063629711 
-0.091725658809167 -0.36170009723103 1.921199516811 
-0.28152330060431 -0.29735598294631 1.6465421118026 
-0.47889975845821 -0.22357242130299 1.3797116039587 
-0.67912439592876 -0.16137932663692 1.112051159504 
-0.90381514694396 -0.097188191915291 0.8650824071661 
0.1556107037802 0.81592856858955 -0.5568176360609 0.2850323200463 -0.57679606948475 -0.76554743207457 -0.94580224433972 -0.039583647966886 -0.3223216552073 
0.13308549357142 0.32459658026065 -0.93644290348315 0.13727605209066 -0.94177775937942 -0.30693637363577 -0.98155159666888 -0.087702406018144 -0.16989629500189 
0.16167331043635 -0.44120186268563 -0.88272456466063 -0.14291876035837 -0.89553005120429 0.4214263344022 -0.97644045831284 0.058024509931324 -0.20783933125626 
0.13250847829977 -0.87875441821891 -0.45851082390647 -0.32813237935501 -0.47539717278985 0.8162883496181 -0.93529174314624 0.042287120546726 -0.3513419340733 
-0.16630621277537 -0.9769589183271 0.1337666456686 -0.23391231566047 0.17086951650506 0.95712519395932 -0.95792863626403 0.1278862003128 -0.25693938505977 
-0.26092012995196 -0.68803299922103 0.6771493762596 0.029286869012366 0.695482649415 0.71794579437875 -0.96491604043528 0.2071580950521 -0.16131509094031 
-0.10561345435698 -0.15003394930814 0.98302370892759 0.19008481002198 0.96727761512091 0.16805290918302 -0.97607047043626 0.20460652321216 -0.07363835550402 
0.13268802319239 0.39602215402415 0.90860351200256 0.091631944730752 0.9078819634213 -0.40908914334058 -0.986913104182 0.13753833653332 0.084176782888692 
-0.10008901777328 0.9207204154139 0.37716853681245 -0.065713022256264 0.37212741503343 -0.92585257232807 -0.99280611764188 -0.11745255902109 0.023257453692692 
-0.27006858088135 0.89333876826307 -0.35917795970651 0.096114181660385 -0.34616327944726 -0.93323793753044 -0.95803185004701 -0.28656034108114 0.0076253009764721 
-0.20003382812572 0.46598641397156 -0.86188347797094 0.19438416127163 -0.84330236830862 -0.50105480084697 -0.96031310802887 -0.26776440689344 0.078108622756423 
-0.058749091304957 -0.2351470073552 -0.9701826782636 0.38157492563411 -0.9033526935745 0.19584301656942 -0.92246903492647 -0.35869178404805 0.14279735172005 
0.17966633660119 -0.63972109434401 -0.7473131398173 0.48750608283692 -0.60192797859443 0.63247176046223 -0.85443421437187 -0.47795358565085 0.20372172999998 
0.49900388352087 -0.84446337555798 -0.19461945322162 0.20994764458801 -0.10008441330771 0.97257652487853 -0.84078362898134 -0.52617935873051 0.12735058571878 
0.59448563458495 -0.65872240854318 0.4611633319717 -0.044242235298685 0.54584670619122 0.83671619917148 -0.80288819575824 -0.51781865727614 0.2953546737209 
0.58528953613087 -0.12398586315212 0.80128875234474 -0.43271816553376 0.78797956225514 0.43799908525624 -0.68570485495788 -0.60308848041281 0.40754525721763 
0.23543357059529 0.37840292359332 0.89519956504279 -0.70206260794696 0.70315870802245 -0.11258741428296 -0.67207077630221 -0.6019792843182 0.43120970871759 
-0.26023830339312 0.76073848365908 0.59460321637811 -0.75517419793935 0.22336870563166 -0.61629404679185 -0.60165434945133 -0.60941232414887 0.51636098125416 
-0.59235423590691 0.79848235483041 0.10743550729456 -0.53752230488778 -0.29233843874498 -0.7909538602095 -0.60015517239398 -0.52627385100975 0.60236998828965 
-0.89209748915865 0.38536204768755 -0.2359198212082 -0.12345596555204 -0.71014329623364 -0.69314870221624 -0.43465008271763 -0.58923050754051 0.68109229519728 
-0.72850100332609 0.041928451898037 -0.68376040619085 0.42882567609679 -0.75046403785009 -0.50290383515528 -0.53422357461365 -0.6595799669602 0.5287338078011 
-0.29969495974383 -0.4661318648479 -0.83240856295307 0.88448462211275 -0.46278643246169 -0.059293095512312 -0.35758898801586 -0.75402241511962 0.5509812275813 
0.1851164344042 -0.71459884961321 -0.67459646444745 0.92704483998884 -0.1007842219538 0.36115149903499 -0.32606712554858 -0.69223624922178 0.6438083603836 
0.69785060172395 -0.59913919573677 -0.39247517348929 0.63166140770108 0.25649670688077 0.73158273994156 -0.337651304891 -0.75844687585303 0.55744948902494 
0.93801887040964 -0.33508783718157 0.088525364321945 0.15565713256763 0.63551980962849 0.75623106829238 -0.30966345576475 -0.69557940807842 0.64828838584465 
0.78161486664645 0.019414052368114 0.6234591364379 -0.50810662977987 0.59957967748895 0.61832989828731 -0.36180913892687 -0.80007956161429 0.4785047983836 
0.22647500684924 0.36991942265827 0.90103756415192 -0.89261283575533 0.44904579622097 0.040002479186501 -0.38980943641406 -0.81333725700744 0.43189247463475 
-0.32862787879058 0.57395431671238 0.75005343783551 -0.85477531733378 0.15702957219215 -0.49467248794944 -0.40169998028199 -0.803690335754 0.43899768798603 
-0.81072621760284 0.46463244514441 0.35614560366579 -0.50813773727595 -0.25639084571492 -0.82222854133729 -0.29072158510756 -0.84757325651102 0.44396005991515 
-0.99938027408983 -0.035177184839286 -0.0012780559007762 0.019002850145222 -0.50859464151189 -0.86079636518273 0.029630380464335 -0.86028719407657 0.50894791900678 
-0.79201027608613 -0.33207044871819 -0.51229770608711 0.61049255323734 -0.42486121868035 -0.66842485539003 0.00430871392844 -0.84215328886704 0.53922098719794 
-0.3279398261803 -0.51644649277377 -0.79103633956131 0.94108891201075 -0.10546327343528 -0.32129294677398 0.082505333737971 -0.84980028127668 0.520607675555 
0.26367490935025 -0.48740717194845 -0.83241203193633 0.95556112928898 0.24991589253872 0.15634888822293 0.13182742647532 -0.83664586019999 0.53164389796097 
0.84553063230793 -0.20973138964957 -0.4910098716163 0.52423286784237 0.50054544489417 0.68893697670361 0.10128104513057 -0.83992083066882 0.53317459439276 
0.98787333781681 0.15314245261473 0.025566729116012 -0.099179706758409 0.49573602916112 0.86279150155695 0.11945565787295 -0.8548644211796 0.50491302934609 
0.66628702090493 0.50362445666203 0.54993091604811 -0.73187672783312 0.30033867216101 0.61168058434183 0.14289178083368 -0.8100364736581 0.56870277853527 
0.10348792232596 0.41671152359748 0.90312887011418 -0.97128568070105 -0.15323181069899 0.18200038092008 0.21422972809062 -0.89603098065356 0.38888829412987 
-0.48832438876715 0.30956679063815 0.81590912083958 -0.8622787678876 -0.31496728881858 -0.39657399489187 0.13421854486394 -0.89719786508231 0.42073907960433 
-0.85130441711089 -0.047193288366287 0.52254529271694 -0.41665578229761 -0.54448065866849 -0.72796893574788 0.31887105306905 -0.83744468824459 0.44385543327248 
-0.83864469030944 -0.54172343180261 0.056663981961492 0.19958075986246 -0.40242453425634 -0.89343271404246 0.50679641248575 -0.73796356120377 0.44560877305883 
-0.5683174667681 -0.63189402948527 -0.52699638752761 0.61691790190772 0.096569003451092 -0.78108048873224 0.54445161334323 -0.76901519040481 0.33494488748841 
0.010252158059061 -0.51286547826303 -0.85840776700889 0.89358680773901 0.38996996849735 -0.22231968132602 0.44877333954889 -0.76478259974729 0.46228785927592 
0.5489011232978 -0.20140583317968 -0.81126028326523 0.75222303414949 0.54224795699771 0.37433629269236 0.36451071827486 -0.81572228331277 0.44914261963185 
0.86000271923995 0.21150071081595 -0.46439506050799 0.32298050442505 0.47896572066858 0.81625696455575 0.39506824304313 -0.8519737600119 0.34360121593211 
0.79186720600081 0.60247636184054 0.099842683676827 -0.32820359164155 0.28197205815929 0.90153988311721 0.51500362182612 -0.74666859572424 0.42101933170015 
0.38474139870299 0.72189911013075 0.57518321508582 -0.74068396032017 -0.13037950331195 0.65908152457837 0.55078246799299 -0.67960492928509 0.48453669937683 
-0.045685858126431 0.33198996388281 0.94217592107226 -0.69009982837115 -0.69241823236814 0.21052130145498 0.72227074511525 -0.64057759511651 0.26073993822457 
-0.48648147476505 -0.11773406985829 0.86572193197642 -0.31821531454263 -0.89894189760754 -0.3010688929735 0.81367978240888 -0.42195041594994 0.39985379600384 
-0.51859385313813 -0.65425839986761 0.5504601363314 0.018632479621809 -0.65229211688038 -0.75773862575356 0.8548176683893 -0.3827021563283 0.35046513856753 
-0.27725687166487 -0.95685525875368 0.08692894172855 0.27409219099593 -0.16548667219028 -0.94735823855738 0.92087029377087 -0.23883503746899 0.30814887137145 
-0.15536338133945 -0.81915428272489 -0.55213085480911 0.31842072563595 0.48755909616812 -0.81295410032127 0.93513125347423 -0.30211320533399 0.18508687132957 
0.045529110972287 -0.38390834616122 -0.92224805871408 0.19296606983588 0.90919763572304 -0.36894952918755 0.98014855810031 -0.1611646392463 0.11547624478845 
0.11246195994926 0.25058105608879 -0.96154118055013 0.0085102946083056 0.96740172233468 0.2531036991228 0.99361958638609 -0.036647536798246 0.10666337514143 
0.18516271336349 0.7730923030287 -0.60666552611609 -0.12422933045598 0.63080249120436 0.76593425993674 0.97482400618485 -0.066456813707822 0.21284184005376 
0.070034732199197 0.98960595525973 -0.12559932165542 -0.13684580330159 0.13424920714224 0.98145319628623 0.98811353720333 -0.051548071701847 0.14482552916969 
-0.10402871677542 0.91256899736799 0.39546915319509 -0.1646105742632 -0.40794063618621 0.89804665590868 0.98085747431865 0.028324236807816 0.19265604761449 
-0.24323133663791 0.49967785020338 0.83136066956133 -0.014624500826767 -0.85889262336703 0.51194685808316 0.96985805190908 0.1123632837798 0.2162171399434 
-0.28569384496062 -0.134426735404 0.9488458672304 0.16708717118633 -0.98193457368067 -0.088805237658189 0.94364236031273 0.13316886204816 0.30299364680505 
0.048106673637374 -0.54894997507364 0.83446969556613 0.32853598428443 -0.78025617690527 -0.53222589699436 0.94326552729428 0.29975694031643 0.1428142911278 
0.31785997553432 -0.86712474145932 0.38348366158463 0.26170344174873 -0.30850884744035 -0.91451276624657 0.9113047484405 0.39104599959608 0.12886691456584 
0.44716968990621 -0.86041850024724 -0.24437527056053 0.091484140860963 0.31577667717189 -0.94441290870315 0.88975834944105 0.39995636585328 0.21992040608653 
0.42272432327726 -0.54892024112469 -0.72110381734764 -0.29447471500887 0.66931878851222 -0.68212682220022 0.85708155313849 0.50069844040913 0.12129420036278 
-0.024112245229553 -0.076122347801772 -0.9968068959408 -0.52751172319211 0.84795513767085 -0.051994868905927 0.84920550017349 0.52457361033777 -0.060601533085522 
-0.34331169235987 0.34054604343309 -0.87530878790925 -0.47197473166796 0.74318188344073 0.47425788427014 0.81202027964574 0.57594190716385 -0.094413902665299 
-0.67386295693307 0.61074390812345 -0.41581317194572 -0.22384784525807 0.36757199761287 0.90265329376466 0.70413127856015 0.70134350019155 -0.11097944535927 
-0.82682020050379 0.52042664342154 0.21336462887712 0.21430521810604 -0.059243504769766 0.97496845109732 0.52004002685507 0.85184876354878 -0.062546418834387 
-0.60315439144819 0.24331510210774 0.75960683327828 0.63805867087246 -0.42428274210828 0.64254594176107 0.47862920157594 0.87222813290752 0.10065868846421 
-0.17195247129686 -0.11818598812088 0.97798998963528 0.8798148789418 -0.46499885568019 0.098497934033069 0.44312315038548 0.87738710751185 0.18393949321565 
0.29783302801643 -0.37160665526229 0.87932018126917 0.86322743727477 -0.2884547641722 -0.41428521644196 0.40759523912649 0.88244112709636 0.23486970483714 
0.75124568291339 -0.48513271257202 0.4475222621239 0.50810217152567 -0.0076775221095949 -0.86126258420129 0.42126251577235 0.87440683142729 0.2407292793957 
0.96598208848203 -0.2444636633375 -0.084357110189388 -0.067874222243757 0.075097181152382 -0.99486356016177 0.24954297162354 0.96674605284456 0.055949750872827 
0.71687854404916 -0.21353122972547 -0.66369388050054 -0.6512386168464 0.13482007590075 -0.74680105186199 0.24894460630833 0.9675887354997 -0.042410162979601 
0.25094613597976 -0.10115424200627 -0.96270133279274 -0.96260755016592 0.078761623394195 -0.25919743641449 0.10204284002499 0.99174816662516 -0.077606912032325 
-0.35543371850596 -0.13488062263535 -0.92491842309827 -0.93425381769957 0.020643550980595 0.35601074129397 -0.028925349830483 0.99064678944639 -0.133350150719 
-0.84762185116757 -0.22285539539962 -0.4815315879197 -0.52659594817988 0.24202815688437 0.81493501497705 -0.065068462281917 0.94432930909526 -0.32250310262048 
-0.999174581048 -0.037000286011605 -0.016767093445684 -0.027985336657784 0.3277945806672 0.94433443960147 -0.029444481990829 0.94402420081279 -0.32855947826838 
-0.82302044541381 0.074386532305299 0.56311987200104 0.54635102217004 0.3748386303411 0.74899703722897 -0.15536378923226 0.9241009928658 -0.34914101446226 
-0.34957848215722 0.36162599883514 0.86430406789457 0.93621955164265 0.17016565825056 0.30746804691573 -0.035886431066099 0.91666258007981 -0.39804758301828 
0.23446839837903 0.46745264159199 0.85235708363941 0.97095394652277 -0.069609130792957 -0.2289170213026 -0.047676030595842 0.88127328155288 -0.47019612857585 
0.80429359930268 0.20330648211747 0.55837109564326 0.59131905034843 -0.3667543449394 -0.71821517051855 0.058767225694239 0.90783133058794 -0.41519716808661 
0.9919627547644 0.069415861001822 -0.10578908923681 -0.046954601556479 -0.57442788689847 -0.81720735933176 -0.11749535545221 0.8156065479106 -0.56655167500629 
0.77586634404414 -0.34405032980372 -0.52882963867532 -0.62178222771889 -0.55896473952221 -0.54858479860795 -0.10685634034737 0.75444535291351 -0.64760630941549 
0.22310891557759 -0.63670790837615 -0.73812292418068 -0.96007598620618 -0.27461142532658 -0.053316655843439 -0.16874985185179 0.7205495156416 -0.67255623036938 
-0.3234234737932 -0.60387551373684 -0.72851329466846 -0.94157495417406 0.12890892796012 0.31115766737188 -0.093988628416906 0.7865855657214 -0.61028623245742 
-0.86087521924829 -0.36620355559432 -0.35325460047146 -0.48981747635944 0.40850678906343 0.77019545775207 -0.13774141257095 0.83607246047166 -0.53104627303448 
-0.94007495570517 -0.11876034616584 0.31961704872308 0.19256818668042 0.58864990080786 0.78511705353883 -0.28138331708634 0.79961695483367 -0.53050556491714 
-0.6310414114718 0.42148265936577 0.65125962938112 0.74195430935711 0.57301577334907 0.34807574796242 -0.22647414826896 0.70285509982295 -0.67431755784559 
-0.07106252600884 0.66609505170763 0.74247390492051 0.96031395055753 0.24696080275737 -0.12964365879578 -0.26971695119468 0.70379524294503 -0.65721002902134 
0.45825824672886 0.72355114227194 0.51621034842579 0.86742113011119 -0.23739694889573 -0.43729083193188 -0.19385551924464 0.64816389375833 -0.73641265910252 
0.83267045748201 0.55280608448047 0.032639580235776 0.46407922750854 -0.66443737735844 -0.58579300282954 -0.3021429791203 0.50291987883792 -0.809803195621 
0.91387548050728 0.046254933180302 -0.40335107200062 -0.15619487352587 -0.87696626324978 -0.45445938719096 -0.37474627097787 0.47832066051785 -0.794213181778 
0.61507123413875 -0.52737641082562 -0.58614119309237 -0.66478190185985 -0.74658996545884 -0.025854331083643 -0.42397216877364 0.4055583124298 -0.80979630483505 
0.13451716457477 -0.84945985160954 -0.51021867168722 -0.89657561939592 -0.32360058657615 0.30238190930081 -0.42196835324416 0.41677406453744 -0.80513482596974 
-0.46348844538897 -0.86367066827392 -0.19811975609267 -0.77303431769516 0.28482222735823 0.56682823012646 -0.43312400609586 0.41587170565695 -0.79965887713293 
-0.70841932842993 -0.66148429092191 0.24613124135388 -0.4103461876889 0.66975153368826 0.61890943551648 -0.57424564548291 0.33744839010684 -0.74590248870632 
-0.8282573332078 -0.18424940204971 0.52918989770396 -0.048691786426843 0.96448824842356 0.25959878387141 -0.55822835822099 0.18924739495505 -0.80781589708337 
-0.64672742952963 0.46270900935565 0.60633654397142 0.4947133815266 0.85953872874844 -0.12826474153112 -0.58051899368796 0.21701047542155 -0.78479561130578 
-0.15739765850372 0.929444076806 0.33370598614311 0.7927341843542 0.32042731567205 -0.51855457603558 -0.58889599256043 0.18292086666491 -0.78723660133711 
0.3517711027285 0.93286634124901 -0.077572421967407 0.66296874884451 -0.30678316499799 -0.68290301487786 -0.66085515004473 0.18879745506361 -0.7263786833469 
0.69714340435548 0.57426797447249 -0.42919385743387 0.32132533369389 -0.7854379569643 -0.52899645148732 -0.64089086722324 0.23087552762257 -0.73208973975524 
