###############################################################
snapshot: -1 
type:     linear 
num_bp:   100 
sequence: aaaaaaaaaaaaaaaaaaaaaaaaaaaaaaaaaaaaaaaaaaaaaaaaaaaaaaaaaaaaaaaaaaaaaaaaaaaaaaaaaaaaaaaaaaaaaaaaaaaa 
dLK:      0 
0 0 0 
0.032828130508188 0.14153848664449 0.30739090852809 
0.04929641423911 0.31829811275358 0.59736475253602 
0.05468790838339 0.51941767359175 0.87144841501731 
0.092799529436696 0.68289949326385 1.1671191761307 
0.18704663896258 0.83097846635205 1.4583065729651 
0.25437825007029 0.93797936648916 1.7739285961439 
0.2626241972852 1.112494651251 2.0656072202133 
0.23791179566271 1.286834990493 2.3564589750972 
0.22479841048233 1.5016584398296 2.6196678745368 
0.26781450067059 1.731397348957 2.8665882050442 
0.31854292094349 1.9473828624956 3.1242253244934 
0.33464982358845 2.218465033857 3.3288103289712 
0.30022202880239 2.4882219170184 3.5328837249179 
0.24006885433647 2.7639618661007 3.72248614073 
0.19380017130858 3.0510174162236 3.8987198495217 
0.091305198187554 3.3238426249888 4.0738232074196 
0.027223421109716 3.6119387765715 4.2426252609907 
-0.041601765358141 3.9023633944299 4.405464553084 
-0.11041168112532 4.1930683930728 4.5678092458095 
-0.12873070116994 4.4719011736522 4.7615015119921 
-0.14767581399375 4.7692573563308 4.9252708110775 
-0.22010882959811 5.0549922809633 5.0947081478592 
-0.27678980031797 5.3425637634439 5.2670157507739 
-0.32373645725702 5.6483349422956 5.408083102014 
-0.44417607366342 5.9364395680538 5.5425822596939 
-0.58101877183409 6.2234248780215 5.6630542805955 
-0.74194681554744 6.5132100749297 5.7387292724983 
-0.88586311373873 6.809107727259 5.8243603326395 
-1.0455656900545 7.1039518163165 5.8805924432696 
-1.1969455043952 7.3752392312864 6.0187492031083 
-1.3700768494569 7.6507439141825 6.1173529913695 
-1.5391075976654 7.9189428961096 6.2402265534296 
-1.7205459571443 8.1730511042259 6.3747967591868 
-1.9724558652716 8.369435992344 6.4913058743072 
-2.216468942746 8.5754775819565 6.6079441243428 
-2.4821214038498 8.7327493115569 6.7504024444861 
-2.7719966594626 8.8332060510066 6.8969656720793 
-3.0630245664538 8.9395646766068 7.0369320970273 
-3.3694198897602 8.955955090351 7.1834014118796 
-3.6808409647433 8.9486484575601 7.3196494473649 
-3.9838775560929 8.9536528149933 7.4737396180765 
-4.27007312091 8.9227891633282 7.6546803091464 
-4.5559913410618 8.905009611707 7.8378050178271 
-4.8027705924399 8.8356006505978 8.0611486929267 
-5.0513598619569 8.7056654989305 8.2532950731743 
-5.2731776901213 8.5620451324041 8.4672344137061 
-5.4772300962328 8.3910853056743 8.6787417497601 
-5.6469588992617 8.2172080076434 8.9165627300202 
-5.818725486271 7.9968017555298 9.1102566215511 
-5.9248275244268 7.7089874419506 9.2569034026208 
-6.01286417719 7.4233391193065 9.4189360645778 
-6.0952555926718 7.1305918039723 9.5709579841141 
-6.1969961425705 6.8581436055303 9.7470853234799 
-6.2781849580685 6.5726571617128 9.9129342506228 
-6.3894354521402 6.2992240578294 10.081628249537 
-6.4881358581151 6.0005397998916 10.210647410596 
-6.5547527310141 5.6725886362483 10.270732571079 
-6.539102989457 5.3416867984771 10.347277063688 
-6.4716075398927 5.0096361751093 10.37532608879 
-6.3889642743684 4.6865106610514 10.309295847019 
-6.2373655816807 4.4004837761334 10.205341734645 
-6.1101347733507 4.1144229249465 10.072746445023 
-5.9156700478563 3.856075020427 9.9676758460494 
-5.7499656751773 3.5854613918972 9.8455680046591 
-5.5870272629088 3.3373244043433 9.6797997651947 
-5.4442461428176 3.108740153024 9.4725250880287 
-5.28406820569 2.8751017789956 9.284492807186 
-5.1474001319572 2.6432335634884 9.0767454407534 
-4.9507384356009 2.4448757665308 8.8828940503216 
-4.7491536985661 2.2673474378404 8.6744539238895 
-4.5447487569679 2.1188917399716 8.4469027744296 
-4.3298310538119 2.0005494574258 8.2115190769653 
-4.1129311392345 1.9025654726629 7.9687155230656 
-3.8926381383601 1.8333153356333 7.7191651027351 
-3.6611672911082 1.7831129746722 7.4752368964398 
-3.4399906119988 1.7853583210372 7.2170202528286 
-3.2053438466461 1.7358526348411 6.9760014101135 
-2.9756286521137 1.7171037878242 6.7260425932325 
-2.7855761520251 1.6669910205287 6.4486101550354 
-2.5925168406653 1.6446378194876 6.1696326708175 
-2.4168225375177 1.6048345367182 5.8812800905928 
-2.250033180578 1.558945444802 5.5885763125941 
-2.1188178674605 1.539693898127 5.2755077585135 
-1.9839805155993 1.4792694281738 4.969292520529 
-1.8516145128501 1.4228558321504 4.6612393635903 
-1.7474066732264 1.3246036815132 4.3528771722372 
-1.6698589027247 1.23654528835 4.0337658081592 
-1.5836182113057 1.1320513966452 3.7219267956223 
-1.5122612909617 1.0502041662149 3.3997324120743 
-1.4400609562985 1.0196175064514 3.0688977586309 
-1.3708481433468 0.91292682589271 2.7535777858964 
-1.2693411524267 0.83690686971912 2.4381141634965 
-1.1757817256796 0.74630893767997 2.1240462594105 
-1.0445284649537 0.63462908099904 1.8309589154999 
-0.91930375630068 0.50173391736157 1.5441529744448 
-0.77994195467254 0.3963144044752 1.2524939019822 
-0.66282025157146 0.34036066012836 0.93824609346748 
-0.61012601530358 0.26789152285455 0.61026508547018 
-0.54760036221077 0.16910437276559 0.29099773405039 
0.99376542986759 0.010555181040843 -0.11099035342447 -0.055746980428413 0.90917077693579 -0.4126751416539 0.096553325024083 0.41628966660145 0.90409090743555 
0.78031911200826 0.51331847194004 -0.35722014192904 -0.62350302716099 0.68280863268697 -0.38081011836506 0.048436128620359 0.51988125326202 0.85286424708215 
0.28032306450153 0.77126617406812 -0.57146081952029 -0.95977472586663 0.23503823487849 -0.15358874871822 0.01585733571847 0.59152812011225 0.80612841906262 
-0.41799374564124 0.81676045118938 -0.39772301162715 -0.90150784093167 -0.31891370650317 0.29253659692953 0.11209300309796 0.48082888138853 0.8696198856277 
-0.79039382042136 0.61017249671633 -0.054471395160025 -0.5462959094021 -0.66182043381403 0.51337558644401 0.27719738095849 0.43552639143588 0.85643352010099 
-0.97995418865572 0.084563561269043 0.18038512200745 -0.02173162314353 -0.94541395450204 0.32514641500161 0.19803415031679 0.31470852981504 0.92830006817298 
-0.7596138259677 -0.54842055054171 0.34960225277054 0.64992202437947 -0.6601350508968 0.37659404775427 0.024252785926198 0.51328024929954 0.85787830608648 
-0.18185551307227 -0.85014985299273 0.49413945382011 0.98063534314432 -0.11965183080017 0.15504116602502 -0.072683534183804 0.51276570365284 0.85544633789382 
0.39779801219199 -0.70097698838658 0.59193581007454 0.91666198279946 0.33078311549384 -0.22430635255006 -0.038568779942298 0.63183367451941 0.77414382188136 
0.81902002054494 -0.48419974843243 0.30782594036982 0.55964222840059 0.5558565463291 -0.61467395917993 0.12651791231842 0.67570267390406 0.72623626619822 
0.98836503469571 -0.072904325514045 -0.13348976557132 -0.029555868083124 0.76885660421556 -0.63873779660825 0.14920123609676 0.63525151040783 0.75775623367396 
0.79186439183541 0.33720915121359 -0.50915692402339 -0.60885676540861 0.50060153281085 -0.61537918762628 0.047373243073412 0.79730050400413 0.60172060140523 
0.33373276534705 0.59544729670968 -0.73079748095827 -0.93721353715392 0.12631245017197 -0.32507837625259 -0.101258219959 0.79340259753336 0.60021587043168 
-0.32314613527396 0.48731873282288 -0.81123179665087 -0.92966418622393 -0.32372781089562 0.17585450038405 -0.17692110137033 0.81099985024205 0.55765416415308 
-0.83433549186818 0.18444827725653 -0.51948351275683 -0.53419596916285 -0.50315840028954 0.67931310214677 -0.13608436184674 0.84428102977337 0.51833443762266 
-0.9466782230894 -0.31629104219966 -0.061321436322092 0.11368702910538 -0.50603433729218 0.85498801681337 -0.30145580329714 0.80242708460363 0.51500987617028 
-0.68555581643917 -0.47549912720676 0.55128377680831 0.7031998931535 -0.23645878106033 0.67052006318115 -0.18847581493482 0.84734162230181 0.49647662815039 
-0.13141634527895 -0.50833469863254 0.85107319212844 0.9704396148978 0.10933978385684 0.21515521258663 -0.20242701902311 0.85419005252478 0.47893909439209 
0.37846375631027 -0.38140611350719 0.84338280853886 0.90322016621381 0.35139612423814 -0.24640230359135 -0.2023821051976 0.85501470189101 0.47748439036895 
0.82495044039241 -0.28489695630176 0.48815007445088 0.56263111674646 0.49626162143116 -0.6611888002403 -0.053879470719459 0.82009641346889 0.56968313583119 
0.99789815540928 0.064765878530155 -0.0021569443638672 -0.033082480217114 0.48054181739915 -0.87634759726572 -0.055720920070026 0.87457700787804 0.48167440907486 
0.76135910463691 0.46245094213631 -0.45439128502168 -0.61232916355043 0.28261684701684 -0.73836353732284 -0.21303828118929 0.8403968371546 0.49834510818149 
0.31569727994597 0.53270885256856 -0.78521112182002 -0.93410032882205 0.029089743968729 -0.35582349906996 -0.16670873741136 0.84579847788403 0.50678706739595 
-0.27777664669954 0.3669392751602 -0.88780386510385 -0.95067054716083 -0.23783717432491 0.19914564838345 -0.1380784027619 0.89932699662252 0.41490397423582 
-0.68440288653851 0.053354694792415 -0.72714920438751 -0.6372682673773 -0.52832112646994 0.56104005446982 -0.35423416590118 0.84736654634764 0.3955857578821 
-0.89745722667938 -0.28749986055018 -0.33453603163878 -0.18050363978187 -0.45263911463392 0.87323322653745 -0.40247852403139 0.8440744410815 0.35432947323985 
-0.79506568834728 -0.52212566765244 0.30863463576117 0.3792635422605 -0.030878298154782 0.9247733215308 -0.4733177756275 0.85230940267111 0.22257350559639 
-0.43837258389359 -0.44001583406091 0.7837190462571 0.79288131830236 0.22132833783441 0.56776137765667 -0.4232832299744 0.87028721273331 0.25185605923879 
0.041775766542201 -0.16529784198609 0.98535851788299 0.88182994452299 0.46974539243078 0.041415157040567 -0.46971345975228 0.86718849722813 0.16538856067682 
0.66346057800842 -0.010782538945737 0.7481335430808 0.60132028117121 0.60268788409418 -0.52457719528999 -0.44523474806098 0.79790416167604 0.40634341129037 
0.85047845836787 0.42213230164113 0.31383229878933 0.13187771726843 0.40645472306712 -0.90410332694031 -0.50920983841665 0.81030789087089 0.29001114194476 
0.73365913187437 0.60453909764559 -0.31028496198694 -0.46323524483679 0.11088121055536 -0.87927155366637 -0.49714925943664 0.78882053507982 0.36139282958849 
0.20250992044863 0.56731302493067 -0.79821404639605 -0.82110638681355 -0.34580836890723 -0.45409346342763 -0.53364223376144 0.74737708269501 0.3957947228152 
-0.26404355108408 0.21862302542843 -0.93940671483837 -0.61752017008385 -0.78649805799757 -0.0094680676830673 -0.7409114944921 0.57760261211193 0.34267386800118 
-0.60646632872961 -0.30181664597056 -0.73559860272591 -0.34223688236696 -0.73597897095778 0.58413086774771 -0.71768552198369 0.60600467533098 0.34305367657551 
-0.59909833737356 -0.74404395964831 -0.2957697893078 0.17493831257721 -0.48211327997823 0.85846570814522 -0.78133076795227 0.46256391058918 0.41899505924478 
-0.23036752001996 -0.95285545917005 0.19747728894672 0.46909263555515 0.069059918659905 0.88044467566262 -0.85257428121416 0.29546099838146 0.43106831645071 
0.11451697325711 -0.66172599456929 0.7409484266448 0.50419317074593 0.68136823863986 0.53059077446373 -0.85596443232718 0.31281948705948 0.4116659557294 
0.42500692637085 -0.097283626798482 0.89994722539369 0.08529286334031 0.99408851292987 0.067180026229244 -0.90116271560693 0.04820709924779 0.43079210250661 
0.34151238233444 0.48266480644308 0.80647627202139 -0.2107492872061 0.87554146696551 -0.43475496266985 -0.91594433818565 -0.021490096444015 0.40072951613332 
0.1887546393484 0.92080594100386 0.34130353812476 -0.41229158748088 0.38974322179018 -0.82347790981977 -0.89128409220456 0.014718698333122 0.4532063844458 
-0.20008785166924 0.96801551284359 -0.15136320064202 -0.50141698459073 -0.23389267898825 -0.83299173001879 -0.84175166122696 -0.090775446073785 0.53217850314695 
-0.44327739284131 0.63744537167152 -0.63021309977696 -0.31037379896272 -0.76871897421572 -0.55923093941427 -0.84093594162297 -0.052292798885885 0.53860208435484 
-0.67840120435144 0.054422692317659 -0.73267317167717 0.11382093990497 -0.97742692642104 -0.17799268846301 -0.72582132758254 -0.20414400326248 0.65689316205776 
-0.41484002951722 -0.40858643228268 -0.81299746448848 0.54160397892586 -0.82886016432305 0.14019970759623 -0.73114491034397 -0.38216221078607 0.56513641249283 
-0.074980067829307 -0.7902161288096 -0.60822402056927 0.75415198305742 -0.44398858101349 0.48386870779192 -0.65240537695429 -0.42241284272474 0.62923335450553 
0.39466100908934 -0.86260116808257 -0.31648366897389 0.69574255396695 0.055571895669857 0.71613829880211 -0.60015413562195 -0.50282301979347 0.62208040015874 
0.78521112403356 -0.60833844572877 0.11561931561067 0.36638844498394 0.60695178610109 0.70524395547277 -0.49920236184963 -0.51140381773792 0.69947347135316 
0.82002235953951 -0.15485027563375 0.55098522846934 -0.26896187260229 0.74551227690671 0.60981223017222 -0.50519584414517 -0.64825368268717 0.56968791626725 
0.53166065129843 0.22064423225388 0.81771209764441 -0.78737062503109 0.4844918921151 0.38120218429719 -0.3120648181054 -0.84651268699755 0.43131406196998 
-0.074488316626778 0.50929273093288 0.85736363633231 -0.96301923977293 0.18649966034056 -0.19445261767339 -0.25893133165627 -0.84014212542391 0.47656665281466 
-0.64785695346578 0.48666104417002 0.58603958563678 -0.72219018080304 -0.14765831371128 -0.67575022393159 -0.24232769259354 -0.86102151568897 0.44712329275387 
-0.94307752567687 0.33094818289917 -0.032834140751783 -0.14512770713751 -0.49835970279007 -0.85473712640552 -0.2992369114668 -0.80131823071156 0.51802158636982 
-0.81279107303562 -0.10204607318159 -0.57354796708025 0.53136588599066 -0.53343002215537 -0.6581053917639 -0.23879063381765 -0.83966601122801 0.48779096218505 
-0.37201033760955 -0.37303155491356 -0.8499739806314 0.86864473077515 -0.46269393171149 -0.17711763676718 -0.32720733550492 -0.8042150114218 0.49615882033442 
0.24448730764324 -0.4514707012488 -0.85813761269115 0.92517813874503 -0.15633818656793 0.34583779869899 -0.29029531169086 -0.87848311158185 0.37946812076344 
0.81198161177102 -0.26062434418578 -0.52226507959414 0.54981498861522 0.041165820662302 0.83427145073005 -0.19593197911469 -0.96456224600951 0.17672106024262 
0.99451522212449 0.065834870297395 0.081272644940901 -0.093919306807037 0.22015519759076 0.97093298058244 0.046028651638438 -0.9732406993271 0.22513086061588 
0.68756024875016 0.19875441488194 0.69839643964129 -0.69846423739095 -0.081921138209496 0.71094066995803 0.19851602813019 -0.97661948049352 0.082497132653398 
0.25443631927277 -0.13073414907974 0.95821226338389 -0.93604481662922 -0.28232435937749 0.21003108666034 0.24306842801268 -0.95036915899373 -0.19420659344358 
-0.31739847975317 -0.46798298778036 0.82477277367678 -0.83692924506123 -0.27070469712426 -0.4756767870268 0.4458785079051 -0.84125554387654 -0.30574738933524 
-0.76397639133328 -0.51807534954669 0.38462709951003 -0.5256503132191 0.154009570873 -0.83664377144168 0.37420825979403 -0.84135544466747 -0.38998614594666 
-0.81954584795396 -0.51334727439685 -0.25459610949652 0.034813722896012 0.39888275198952 -0.9163408508101 0.57195507498365 -0.75984677799844 -0.3090311734532 
-0.66777859728304 -0.07472189945396 -0.74060001536095 0.56262449293879 0.60076959997723 -0.56791686688156 0.48736580199692 -0.79592243685245 -0.35914070997136 
-0.26923400959859 0.40647813652517 -0.87309138845969 0.83537480018866 0.54967815404709 -0.001694158534082 0.47923062431902 -0.729814669276 -0.48755364548364 
0.33026287809162 0.73888457702545 -0.58734658693874 0.84532424119482 0.045314329789795 0.53232841250879 0.41994447085664 -0.67230662152739 -0.60963140342942 
0.73537655550716 0.65221148391509 -0.18396059866104 0.48710902373173 -0.32002382883514 0.81259433174053 0.47111157978714 -0.68717168831883 -0.55303612012549 
0.9155217131209 0.28794515558429 0.28090493085696 -0.015626697927408 -0.67231753122054 0.74009792833478 0.4019649227434 -0.68196533972707 -0.61102166597822 
0.67210899094111 -0.055250899428862 0.73838800261679 -0.46228082698791 -0.81029970464549 0.36015389162237 0.57841675398925 -0.58340528516949 -0.57015114832897 
0.28287187788194 -0.57774477952834 0.76563337860313 -0.75396120289234 -0.62735839200158 -0.19484340511915 0.59289628539627 -0.52214214320712 -0.6130591953884 
-0.18281868392782 -0.89046165420905 0.41671977537695 -0.77791175892512 -0.12817346964182 -0.61516246391171 0.60119100470056 -0.43663440549651 -0.66926808664675 
-0.54096893795867 -0.83789725258631 -0.072669128742512 -0.55478683189107 0.42045044432283 -0.71793662326765 0.6321108916354 -0.34806553689937 -0.69230499254218 
-0.7398500715296 -0.48665939055994 -0.4645261125464 -0.21366620597904 0.82468794367821 -0.52367599522447 0.63794092522754 -0.28818819047916 -0.71412809970493 
-0.72520085791379 0.12978862089238 -0.6761942247373 0.23298631652783 0.97039715840514 -0.063613923555191 0.6479205908072 -0.20367687361637 -0.73397182450136 
-0.43150506947008 0.71061908883836 -0.55571925070144 0.59187781798902 0.6879090099917 0.42007361562546 0.68079660956423 -0.14765400282662 -0.71743590086855 
-0.094504626924025 0.99289449457815 -0.072314577550737 0.75358680169461 0.11881460495274 0.64652147834515 0.65051964443946 0.0066039598970255 -0.75946071650355 
0.44576200803226 0.85719291350292 0.25790800925032 0.57009332653727 -0.49398330421021 0.65648617213105 0.69013754515514 -0.14560495940038 -0.70887894916216 
0.66893392388599 0.46504958747148 0.57987609596105 0.30991540136295 -0.88356553639534 0.3510902831075 0.67563292509509 -0.05514366769679 -0.73517299082627 
0.81377071658908 -0.091336438815482 0.57396417637913 -0.15912536506966 -0.98485211976169 0.068887011783104 0.55897794143731 -0.14739049204565 -0.8159777594034 
0.62409159912026 -0.61558569620043 0.48121089611618 -0.53673868456032 -0.78532278960904 -0.30851207531826 0.56782150399925 -0.065744708944197 -0.82052201240543 
0.14754843684044 -0.96360693488141 0.2229150821151 -0.84332734718382 -0.24032612495399 -0.48066863758362 0.51674795043413 -0.11706847873365 -0.84809582419034 
-0.3907353739051 -0.91711820609433 -0.07886738000972 -0.77889650395528 0.37507046980922 -0.50263543329474 0.49055693217556 -0.13496791740066 -0.86089346470225 
-0.82710477281035 -0.46331976518135 -0.31817053601264 -0.40860462952236 0.88438041707217 -0.22564027706094 0.38592739152227 -0.05662219610295 -0.92078986494271 
-0.90475302323932 0.090399805483371 -0.41623291809735 0.15538956294988 0.97992031400642 -0.12494103378729 0.39658044665043 -0.17771902927413 -0.9006330528957 
-0.62297531049686 0.67711587908807 -0.39168335272014 0.6784822076349 0.71692667893063 0.16024366121755 0.38931177279165 -0.16592234124519 -0.90603869687858 
0.10958440124496 0.95718041624012 -0.2679494537598 0.94554370813551 -0.017262507062761 0.32503707766225 0.30649364595228 -0.28897691363891 -0.90694762162684 
0.68986771273154 0.72323100583738 -0.031928844733909 0.68706716346796 -0.64020181211568 0.34362821864318 0.22808167794599 -0.2589952740095 -0.93856283552351 
0.96042977749782 0.19279657771625 0.20100776630851 0.11505120779726 -0.93186624168526 0.34407633919208 0.25364909240884 -0.3073349756021 -0.91717356628487 
0.87029611308422 -0.39570143072144 0.29326618160894 -0.44557589201164 -0.88626791535319 0.12645673834786 0.20987329512954 -0.24072714832464 -0.9476305398471 
0.44645347884169 -0.8768226306516 0.17849752269259 -0.86924398275938 -0.47232312595935 -0.1460334315168 0.21235392547984 -0.08996076401009 -0.97304309836304 
-0.0037779943675737 -0.94749078579768 0.31976075054186 -0.97905370833849 -0.061589011575244 -0.19406346859153 0.2035670969168 -0.31379611929036 -0.92741168451297 
-0.59966366038093 -0.80025213661974 -0.00011069858218698 -0.74247653691174 0.55642149178049 -0.37299291631374 0.29854997329441 -0.2235881063929 -0.92783418352931 
-0.92840291388903 -0.32319652521905 -0.18333585456393 -0.2496935470332 0.90804221990492 -0.33632195801068 0.27517478455034 -0.2664645059975 -0.92372912966474 
-0.84940723360282 0.23793770145155 -0.47105520030141 0.35983501821505 0.91405306181337 -0.18715170278649 0.38603900213492 -0.32847016670864 -0.86202159973691 
-0.4982002026936 0.683081441385 -0.53403773506327 0.78494955236335 0.61694558161895 0.056853755948718 0.36830796662665 -0.39086812834548 -0.84354688545633 
0.029487593781071 0.94446545728151 -0.32728501617881 0.91165925360078 0.10885501543891 0.39626757492616 0.40988765184749 -0.31005739084227 -0.85782080136065 
0.60339785031156 0.79303719021522 0.083684222975039 0.71919927493396 -0.58652262011882 0.37248304528312 0.34447559735611 -0.16456983631424 -0.92425826033727 
0.92661545050092 0.36997024528676 0.06712543851146 0.34258438635329 -0.90426292116971 0.25484212294006 0.15498304784671 -0.21314452139356 -0.96465002352149 
0.95712516267274 -0.1645911742917 0.23837191177638 -0.2238137356142 -0.94259757390175 0.24782498950879 0.18389897968472 -0.29055044143812 -0.93902162182291 
0.62709406097074 -0.69214105719484 0.35734268656357 -0.7260596836148 -0.68553401443789 -0.053669832102398 0.28211766078074 -0.22579608498369 -0.93243002605106 
