###############################################################
snapshot: -1 
type:     linear 
num_bp:   100 
sequence: aaaaaaaaaaaaaaaaaaaaaaaaaaaaaaaaaaaaaaaaaaaaaaaaaaaaaaaaaaaaaaaaaaaaaaaaaaaaaaaaaaaaaaaaaaaaaaaaaaaa 
dLK:      0 
0 0 0 
0.030093927216985 -0.30813211072565 -0.14053098549578 
0.043745219944413 -0.61952843344666 -0.27634693596813 
0.00047120877664478 -0.92097923146991 -0.42752489841173 
0.014520130563307 -1.2289235669443 -0.57095750992615 
0.037743743910191 -1.5208847333053 -0.74364028590641 
0.081253584083445 -1.7936270770889 -0.9419292359655 
0.13200391777781 -2.0843605230182 -1.1107441258537 
0.2045980378512 -2.3628043042471 -1.29184949415 
0.28916313105382 -2.6091488359132 -1.5103972388875 
0.41943102174661 -2.8317483716043 -1.7319366786371 
0.55250047638054 -3.0622037407888 -1.943556250174 
0.69655961434323 -3.2779956262935 -2.1632852353348 
0.82896382183649 -3.4994802298259 -2.3846756060291 
0.99136540422272 -3.6999902159159 -2.6060835361414 
1.2133266791005 -3.8306747005176 -2.8280176658715 
1.3947166038808 -4.0206445742868 -3.043909171606 
1.5624050357525 -4.2235657184638 -3.2590918824875 
1.738730244393 -4.4639874508825 -3.4225140700222 
1.8704181362603 -4.7173075410014 -3.6071413461158 
1.9900112941143 -4.996050997591 -3.7607628355078 
2.0768203628003 -5.2652777407429 -3.9493924895012 
2.1188088776639 -5.5306797037652 -4.1577161862893 
2.116233857886 -5.7898806568022 -4.3777349018975 
2.1078054322517 -6.0407819401417 -4.6070327598463 
2.1094073622368 -6.3093507118222 -4.8155231641779 
2.0645422314034 -6.5691367168889 -5.0302284310131 
2.0009176204645 -6.8361621563117 -5.2308507717031 
1.9317408790036 -7.0955913406678 -5.4394438606231 
1.8130055080961 -7.3490693071357 -5.6324486072247 
1.6509535068583 -7.5897268272101 -5.8097142466658 
1.4557907851527 -7.7864273789183 -6.0067431912759 
1.2239731560043 -7.9800687380589 -6.1628316624908 
1.0105037745919 -8.2190595655231 -6.2764723576111 
0.82264080244836 -8.4825396203285 -6.3808072243485 
0.60561528822358 -8.7202727043067 -6.4902736893398 
0.37769168755848 -8.9632747956144 -6.5581030036508 
0.1450011361514 -9.2095273341377 -6.5866476100896 
-0.11253620707759 -9.4305253873577 -6.565805889539 
-0.38818169247001 -9.6230944433332 -6.5154399778181 
-0.64806099331293 -9.8258158807311 -6.4319728117422 
-0.90885433772994 -9.9986558732861 -6.2988819838036 
-1.162268552555 -10.163462418026 -6.1432540989776 
-1.4221909626429 -10.29097453486 -5.964981833062 
-1.6901906126439 -10.341343535737 -5.7619075822325 
-1.9363318289913 -10.378937317982 -5.5303882328218 
-2.1995330811015 -10.416960990912 -5.3185408793226 
-2.4680920032788 -10.456569685942 -5.1138282597875 
-2.7093444588805 -10.490037366055 -4.8766001690098 
-2.9633399523993 -10.520861605854 -4.6526891252603 
-3.2187558286633 -10.546838577536 -4.429781236 
-3.4480639088535 -10.593170309106 -4.1830603917057 
-3.6448352137651 -10.523989686558 -3.9145550937555 
-3.8456650843552 -10.440996576565 -3.6530603389852 
-4.0355956851673 -10.398360889788 -3.3742977785717 
-4.2460183210176 -10.272967386763 -3.1385038352208 
-4.438689841873 -10.11315237265 -2.9084237484787 
-4.5952483700806 -9.9354975729284 -2.6644397338766 
-4.7365925960949 -9.761481867984 -2.4088221597446 
-4.8570394819027 -9.597882019919 -2.1361912051333 
-4.9867377811731 -9.4106293740258 -1.8837733020987 
-5.1316954491887 -9.2013888816506 -1.658372124564 
-5.2309764130909 -8.9447561191139 -1.4586650505794 
-5.2982507159722 -8.6845326220321 -1.2504394523972 
-5.34123791535 -8.4273517842876 -1.0322420248535 
-5.4008332530594 -8.1480513300251 -0.84774364553257 
-5.4846163923092 -7.8579860915501 -0.69140253447764 
-5.4874335717347 -7.5429705300714 -0.56350703210806 
-5.4856496259426 -7.2151603942055 -0.47329986852893 
-5.4944148089439 -6.8944445227993 -0.36076320163742 
-5.4660831096326 -6.5894757007723 -0.21314432613157 
-5.383959666993 -6.3158801910414 -0.028750082121367 
-5.2564012241691 -6.0777751111412 0.17773191367994 
-5.0966407762976 -5.8480761025498 0.37090273121724 
-4.9468897053262 -5.57541650984 0.50813014555647 
-4.8559315115503 -5.2601083499576 0.5970535468444 
-4.7279251985054 -4.954365700701 0.67278871863521 
-4.5620351452641 -4.675713755171 0.77493363279124 
-4.4106773034831 -4.412049977033 0.92715786157687 
-4.2929616917393 -4.1157376964317 1.0452343923383 
-4.1795196721362 -3.8094979382537 1.1398288884753 
-4.0809811822242 -3.4882951896589 1.191972539105 
-3.9709349061826 -3.1698133691198 1.2373503653581 
-3.8173144974921 -2.8664986800296 1.2363657761365 
-3.6655406659866 -2.5646538962531 1.2745027736195 
-3.5384211171428 -2.2710775348268 1.3896267950636 
-3.3851218124726 -1.9733724255858 1.4485419129826 
-3.2319383196383 -1.6926865431881 1.5640852076635 
-3.0630443091918 -1.4071382653367 1.6384961897252 
-2.8596411615972 -1.1398407307649 1.6912141900712 
-2.6530904681334 -0.87922921323134 1.7620551948527 
-2.4279893208819 -0.62647420256481 1.7943720339465 
-2.1715129085872 -0.40820839735589 1.7476827609498 
-1.898519126639 -0.21026200574911 1.7041899906605 
-1.6159473425222 -0.025620558818041 1.6634380226554 
-1.3315177107241 0.15503579024145 1.618017013203 
-1.0533942262372 0.34580566779858 1.5749568089104 
-0.7713055494588 0.53188581957265 1.5375381564878 
-0.47623767246067 0.70078051844567 1.5344513043033 
-0.17342725442755 0.85538851801426 1.5329622777785 
0.91653605891518 0.23658563180073 -0.32247308652612 0.39003507292532 -0.35028598237181 0.85157053286381 0.088511550638192 -0.90627091389897 -0.41332642792878 
0.97231146970849 -0.056296747156121 0.22680626563865 -0.23021362739255 -0.3975047209949 0.88825203774015 0.040150860963023 -0.91587153741473 -0.39945867785983 
0.66078235581579 -0.41011453336662 0.62862767021826 -0.73970762461664 -0.21380143926331 0.63806079228625 -0.12727650343461 -0.88661999418603 -0.4446410660106 
0.14330946943268 -0.41248305373774 0.89962221312625 -0.98881495941834 -0.097629334015374 0.1127541093275 0.041320358196064 -0.90571863374832 -0.42186062210123 
-0.47671164488839 -0.47529477950031 0.73948690333741 -0.87640200217677 0.1916068595978 -0.4418216177776 0.068304745137895 -0.85870931282643 -0.50789051758901 
-0.89657469544267 -0.34496660974537 0.2777622250283 -0.42400172682532 0.48733960291682 -0.76336272313891 0.12797011815663 -0.8021833640694 -0.58320279429143 
-0.97885842585264 -0.056769404802112 -0.19650296897418 0.13984254260153 0.51534843712896 -0.84549396900716 0.14926568733636 -0.85509837038036 -0.49651438202419 
-0.60541169222611 0.31700500525154 -0.73005788096656 0.76673936800037 0.47835652047906 -0.42811888637804 0.21351211786293 -0.81895229773209 -0.53266284793015 
-0.074965443514196 0.64725131014144 -0.75858152086571 0.96566977528825 0.23686189890318 0.10666923615877 0.24872086236065 -0.72454274019426 -0.64278748452221 
0.47498955897295 0.74465054770572 -0.46891415063768 0.79220452164375 -0.12983665724175 0.59628385717163 0.38314085497878 -0.65470451673856 -0.65158658749876 
0.88284003581266 0.46740213186904 0.046138035183528 0.25964317926439 -0.56754645086489 0.78132992107825 0.39138074892332 -0.67780990936616 -0.62241050452034 
0.85477382419599 0.044072073959357 0.51712605984064 -0.29972851591649 -0.77151564509187 0.56118305937097 0.42370334694911 -0.63468201619031 -0.64626172106102 
0.47721952182163 -0.46196264858693 0.74756407036646 -0.78778827575824 -0.60186010331163 0.1309734653264 0.38942413968603 -0.65142530450719 -0.65114814910089 
-0.010576754499199 -0.74502799741561 0.66694933490568 -0.8784856136712 -0.31168191187988 -0.36210138411722 0.4776517129007 -0.58973525320584 -0.6511997944481 
-0.35302462203561 -0.91678204114262 0.18677340623052 -0.67021650230501 0.10850514383701 -0.7341910335866 0.65282727905218 -0.38436613118123 -0.65274744038264 
-0.80872197253277 -0.55682483555486 -0.18951219921695 -0.24768277533911 0.61462296450454 -0.7489271355105 0.53349977876569 -0.55873492285071 -0.63497501686603 
-0.77787779346925 0.023119878883985 -0.62799013497651 0.38943374980824 0.80203686264223 -0.45285563425154 0.493201270211 -0.59682689463817 -0.63289032612203 
-0.30507908681427 0.37211817545582 -0.87661554531275 0.79873468918749 0.60125326665608 -0.022746551913106 0.51860355482498 -0.70712274240816 -0.48065349274927 
0.3575335220308 0.66428559471661 -0.65642549407858 0.84979707416767 0.060096615289591 0.52367292231585 0.38731732902148 -0.74505908858476 -0.54302140027528 
0.80929229765197 0.50890261336608 -0.29336684725853 0.47044843080708 -0.26247064836898 0.8424888323865 0.35174458192329 -0.81983369585178 -0.45182790997644 
0.96409087234811 0.1651372705811 0.20798671044102 -0.07307587782292 -0.58797429500493 0.8055719362626 0.25532079025309 -0.79184336221156 -0.55479309998057 
0.75782811555361 -0.32443662942127 0.56607192190243 -0.64066010970357 -0.53424139373164 0.55148958019019 0.12349563195162 -0.78059400888905 -0.61271675525924 
0.23063547105685 -0.63101658197629 0.7406924819123 -0.97301075033191 -0.14363771272158 0.18060533553192 -0.0075735875820535 -0.76235574422647 -0.64711386943572 
-0.41358521513778 -0.60660215268721 0.67895588823924 -0.91012787626013 0.29575509742163 -0.29016576504358 -0.024789487159628 -0.73794495099864 -0.67440546455526 
-0.84471141793672 -0.33134033292791 0.42032868589067 -0.53520129075069 0.51600261159892 -0.66880556457157 0.0047115587796615 -0.78990815200146 -0.61320707156355 
-0.9704660700803 0.22936839300752 -0.074737855950109 0.20194838543757 0.60297368484025 -0.77177690105973 -0.13195626715711 -0.76407648549039 -0.63148607892706 
-0.65019253580459 0.54929513718022 -0.52490429475685 0.7363637532738 0.28543034381845 -0.61343128522453 -0.18713120864382 -0.78536893947867 -0.59006570791198 
-0.029104017952367 0.6310524800937 -0.77519399088662 0.97865038490241 -0.13986616848506 -0.15060172324279 -0.20346100429671 -0.76302701281207 -0.61350908505877 
0.51798776615632 0.35123596651629 -0.77994997912546 0.780853951089 -0.56641690473665 0.26351280253007 -0.34922167913958 -0.74552343078804 -0.56766101941652 
0.81420245369491 -0.13177197382791 -0.56542949278464 0.33151828326313 -0.69399735133337 0.63911133944295 -0.47662353305254 -0.70781623551299 -0.52136952776779 
0.74552172792542 -0.66194630841541 -0.077617253019838 -0.33869184130755 -0.47658045172852 0.8112699363726 -0.57400800501634 -0.57853103443588 -0.57949689591205 
0.39100408823815 -0.81413599839406 0.42929987083619 -0.61825721711167 0.11320014082076 0.77778129420005 -0.68181655631877 -0.56953340923695 -0.45908373886749 
0.044887787313399 -0.46141278871096 0.88604927908333 -0.77703800126069 0.54130385927673 0.32125080004397 -0.62785112180109 -0.70291419842402 -0.33423733858894 
-0.41526716368133 -0.063269375002678 0.90749664955574 -0.72267196697098 0.62885841758522 -0.28684894768233 -0.55253815336347 -0.77494133766303 -0.30686725510995 
-0.73245612082543 0.42303078815697 0.53343507883956 -0.2367867100959 0.57631883705512 -0.7821691965153 -0.63831033595524 -0.69921495287693 -0.32196019115108 
-0.71977011466219 0.69167162400095 -0.059340935205332 0.18039877452766 0.10381268741249 -0.978099794541 -0.67036353136795 -0.71471203325818 -0.19949798326762 
-0.52718648448129 0.5710902919608 -0.62922991744548 0.50367944738455 -0.38637507568479 -0.77267154417124 -0.68438397472668 -0.72427217212715 -0.083954724820012 
-0.16894167395311 0.10444576606379 -0.98007642189438 0.6306416228721 -0.75272739121741 -0.18892490045573 -0.75746277420291 -0.6499942741766 0.06129917809001 
0.12180573381898 -0.41068892265736 -0.90360277335528 0.5726195737212 -0.71452696537297 0.40194283119149 -0.81072201586007 -0.56637957639856 0.14813503447335 
0.41314936893355 -0.7451708243838 -0.52347687765263 0.49505082951782 -0.29869528817905 0.81590796111659 -0.76435088483213 -0.59623952175851 0.24549166492907 
0.58098094922648 -0.80919223814679 0.087573160036819 0.2722350606109 0.29459333187151 0.91602556765137 -0.76703924828533 -0.50835291927932 0.39144361158427 
0.66227312855907 -0.45942520676979 0.59188071650725 -0.076607184178254 0.74429162711318 0.66344654128385 -0.74533592595616 -0.48472513158877 0.45772907301741 
0.56811921210377 -0.0075649084447424 0.82291149767076 -0.3046546284262 0.92697952651639 0.21884815465967 -0.76447767672911 -0.37503563774616 0.52433019386952 
0.44024932822704 0.5423943628256 0.71553398533587 -0.4299619435888 0.82695929453444 -0.36231347235298 -0.78823426470881 -0.14814412022783 0.597277208322 
0.20776256534488 0.90629786810676 0.36804740279817 -0.65782878444989 0.40791967458466 -0.63313729114304 -0.72394475396297 -0.11056994777927 0.68093926297256 
-0.15198964132362 0.98831582735914 -0.011444401326615 -0.61452039492495 -0.10356112950741 -0.78207402250457 -0.77412132973562 -0.11183433214608 0.62308045146822 
-0.44744670186766 0.78088059041481 -0.43590933977285 -0.41938326796512 -0.61372155558276 -0.66892714608094 -0.78987918287461 -0.11649616185321 0.60209593980927 
-0.69654908333437 0.24759868012474 -0.67343467991079 -0.10646784035544 -0.96384935114162 -0.24425197496417 -0.70956604588728 -0.098434353273348 0.6977296787579 
-0.59787145298053 -0.34149321951426 -0.72521176682173 0.29064177829418 -0.93550159318947 0.20090825231911 -0.74704556917296 -0.090659528819125 0.65856189338087 
-0.30982279233733 -0.8362363479077 -0.45245840448184 0.58281523057581 -0.54302060158351 0.60452876959231 -0.75122316548233 -0.076402857890687 0.655611439001 
0.19201718861679 -0.98137426283568 -0.0058271364683074 0.71292784711217 0.13540715711173 0.6880398147018 -0.67443552997133 -0.13626979873262 0.72564954204196 
0.52135841193993 -0.65232430194425 0.55014399150805 0.6270936319911 0.73011778480907 0.27144354297282 -0.57873913209291 0.20347241925724 0.7897214645595 
0.77325041746741 -0.10118407003003 0.625975699096 0.23061992243367 0.96445749098131 -0.12898139193947 -0.59067608997087 0.24409738233358 0.76910221991271 
0.77748525666747 0.42347351204587 0.46495898771853 -0.28889621976737 0.89718741389023 -0.33405646013965 -0.55861941415319 0.12539907875435 0.81988988356891 
0.56307371359302 0.82389792933849 0.064344347788802 -0.5476522897302 0.43032023114448 -0.71756635109306 -0.61889010544186 0.36880442066164 0.69351159809089 
0.14844808901929 0.8661132672357 -0.47729547785923 -0.81045411524805 -0.17001851887731 -0.56058704080306 -0.56668094369239 0.47004415915643 0.67670613747683 
-0.49571648635443 0.51924176856605 -0.69617034620333 -0.73636674903147 -0.67628912714276 0.01992554715115 -0.46046625943413 0.52251411682831 0.71760004294724 
-0.87249970975673 0.0089348633125337 -0.48853293102103 -0.25675385430973 -0.8590516713428 0.44284047269889 -0.41571831180682 0.5118108968952 0.75181639450588 
-0.88595664415436 -0.44713331682914 -0.12309598555643 0.29930558373888 -0.75401686398759 0.58470055273194 -0.3542555464936 0.48117602372066 0.8018557488569 
-0.54354769002646 -0.78325949431877 0.30176227933003 0.74768971859754 -0.288420922655 0.59814166890326 -0.38146558608933 0.55074307615655 0.74240559716045 
-0.073301606369755 -0.753986808578 0.65278692311806 0.90158521090729 0.22971824028039 0.36657009910204 -0.42634608239881 0.61541321286824 0.66294463980818 
0.43804524536946 -0.44039206558692 0.78369074996282 0.85020627341685 0.48613619789152 -0.20204180196724 -0.29200283500643 0.75480224275482 0.58737374701339 
0.8089876200335 -0.22530182910194 0.54293472575976 0.55352347400196 0.60287495967364 -0.57458989438324 -0.1978655967098 0.76536322671121 0.61242822994768 
0.99156633866244 0.11494144903278 0.059872024568052 -0.028476444297761 0.64391457350689 -0.76456727247873 -0.12643293934649 0.75641422866023 0.64175713983445 
0.79167749504316 0.44525586399451 -0.41832279333159 -0.58525509263529 0.35627390188284 -0.72838546346125 -0.17528040502774 0.8214719243015 0.54264229212035 
0.30429623802455 0.51857233926696 -0.7990535204048 -0.92015242833486 -0.056980001251474 -0.38739229223977 -0.24642099779344 0.85313305433828 0.45982679722038 
-0.34768884861434 0.35003547773439 -0.86982045783966 -0.93757336230597 -0.13799494193985 0.31923907388251 -0.0082858218397711 0.92651635729019 0.37616324226346 
-0.81088502611531 0.15936414532091 -0.56308839768552 -0.58518197551593 -0.21218564416763 0.78264890464399 0.0052468993887024 0.96414745842909 0.26531518699745 
-0.99911119995405 -0.013266532768268 -0.040010114155406 -0.033349727198438 -0.3317274713802 0.94278559621342 -0.025779950004063 0.94328197472438 0.33099019673972 
-0.81231662900345 -0.19123202681342 0.55097368917699 0.57723309916198 -0.39859790652475 0.71268622699337 0.083328527386208 0.89696712360875 0.43417316325253 
-0.35882452290467 -0.44520752450625 0.82038723898242 0.90161167569161 -0.39275941469464 0.18120824601924 0.24153953717533 0.80469267567917 0.5423360117947 
0.10562308224771 -0.68318551515323 0.72256578688814 0.92091792085731 -0.20694147584729 -0.33028080267845 0.37517189065852 0.70030905852985 0.60729998765091 
0.49089436839183 -0.73491365575308 0.46789383162082 0.73364300279556 0.059045701090123 -0.67696495450795 0.46988367021033 0.67558531938642 0.56814946334499 
0.86720964058943 -0.49634635253414 0.039846425120154 0.23228481358578 0.33246438774119 -0.91406301547613 0.44044432638666 0.80193997855822 0.40361004217422 
0.86154680897822 -0.10867707331171 -0.49590965878462 -0.43147184405409 0.35799623371215 -0.82805238024926 0.26752409934066 0.9273769408306 0.26153941555271 
0.49604553121871 0.007395894303728 -0.86826501236966 -0.78242874842471 0.43738675441842 -0.44328104030953 0.37648915601448 0.89924308604889 0.22275050526709 
-0.085377771418692 0.38732996274111 -0.91797937673484 -0.86870742669953 0.42224336043699 0.25895550074087 0.48791192129797 0.81956454567645 0.30042621810599 
-0.50703570078256 0.63041831270845 -0.58778188908282 -0.73806392665024 0.034653763679751 0.67384030514695 0.4451701228852 0.775481700406 0.44771831995771 
-0.87348133966384 0.43451621997968 -0.21960419812384 -0.3422870252661 -0.22731412867277 0.91168408960573 0.34622238748171 0.87150670765073 0.34728391400428 
-0.89820617305317 0.21414978905804 0.38388219356426 0.28618411391827 -0.37798156380786 0.88047066411221 0.33365299883282 0.90070517111192 0.27821910628513 
-0.59719284436663 0.053282742596768 0.800325968577 0.74790748283585 -0.32353743357697 0.5796187766046 0.28981908797647 0.94471396645532 0.15336367832273 
-0.053766026663843 -0.122620812727 0.99099614058933 0.94464270863851 -0.32792711841101 0.010675112497828 0.32366551776946 0.93671123687972 0.13346419486216 
0.62998989652317 -0.31677058145473 0.70906214749034 0.63163845856282 -0.32219617101839 -0.70514004640597 0.4518247314425 0.89210202673564 -0.0028958506519604 
0.86845934910234 -0.46002857624375 0.18480278135319 0.21566430656823 0.014918252388162 -0.97635360019721 0.44639362207496 0.88777877581347 0.11216763965596 
0.89042705596315 -0.23201567964394 -0.39154614339589 -0.25952386479399 0.44789033113275 -0.85559430507702 0.37388102601129 0.86345988654779 0.3386000630709 
0.52601816442135 -0.10381818726876 -0.84411295138219 -0.72111846369971 0.47174220792487 -0.50739279712421 0.45088030785364 0.87560326247357 0.17327975858542 
0.19672520508699 0.27949383575454 -0.93977784048075 -0.87081179717419 0.49026097186941 -0.036482781744686 0.45053968480666 0.82554671293445 0.33983321964973 
-0.44756862435461 0.46394211562236 -0.76448678199508 -0.74358903671204 0.28180358137142 0.60635145419791 0.49674708954858 0.83984787603353 0.21885582959318 
-0.75986329909981 0.61800477032981 -0.20168755670767 -0.2543840069348 0.0028394417650716 0.96709912345436 0.59824455174862 0.78616921932878 0.1550529421941 
-0.76605628825176 0.4960242453447 0.40880033177593 0.20999770263578 -0.40795937998686 0.8885213048478 0.60750203959956 0.76650446333402 0.20835589641618 
-0.37723232899321 0.22096726499586 0.89937157936117 0.64758738113746 -0.63129567881369 0.42672748880599 0.66206219779864 0.74339709019566 0.095049526746423 
0.20534619934938 -0.032055764263913 0.97816428394731 0.62353869039281 -0.76606920865252 -0.15600470870397 0.75434238910194 0.64195825061448 -0.13732139116674 
0.47912330527735 -0.50267238255985 0.71955634536268 0.35462049310836 -0.63903767030033 -0.68255048297157 0.80292288808306 0.5821952694317 -0.12791991261574 
0.55423848088371 -0.82657092788317 0.097980648528212 -0.04586206850438 -0.14786139854021 -0.98794416719474 0.83109348269624 0.54306307920904 -0.11985872942653 
0.41233142380369 -0.77114732305861 -0.48509236551771 -0.3607685457675 0.3507239218063 -0.86419834937215 0.83655774058273 0.53134220311615 -0.13359120427197 
0.14568549844265 -0.41509797590083 -0.89803641682646 -0.55644853212815 0.71615226505433 -0.42129676517864 0.81801024849078 0.56108787516802 -0.12664765968414 
-0.14766708470071 0.025035634848863 -0.98872020768451 -0.53836590173362 0.83656552472504 0.10158877247052 0.82967257876012 0.54729456404139 -0.11005486006641 
-0.39482799870369 0.67846242065075 -0.61951561336615 -0.30158408753338 0.54122921315713 0.78493182950618 0.86784669705332 0.49674911433242 -0.0090789770131326 
-0.45433205990935 0.890171150751 0.034317658853083 0.019503744235927 -0.028574212161609 0.99940138000707 0.89061887656801 0.45472941049586 -0.0043794897788143 
-0.35526557866452 0.69831249620884 0.62140649035455 0.23580349089089 -0.576324069692 0.78246231882266 0.90453473250058 0.42451174816753 0.040083579778701 
