###############################################################
snapshot: -1 
type:     linear 
num_bp:   100 
sequence: aaaaaaaaaaaaaaaaaaaaaaaaaaaaaaaaaaaaaaaaaaaaaaaaaaaaaaaaaaaaaaaaaaaaaaaaaaaaaaaaaaaaaaaaaaaaaaaaaaaa 
dLK:      0 
0 0 0 
0.16764751134046 0.082667624375961 0.2840077038064 
0.346965191399 0.1599116075668 0.56235737001643 
0.58408536159119 0.18112217275513 0.80510031391474 
0.7873586724645 0.15888543412648 1.0767351580378 
0.95833581550193 0.13332501725874 1.3695038067151 
1.1968408761736 0.089590115206078 1.60783675529 
1.4289317357794 0.025770475863117 1.8479635687066 
1.6594801216822 -0.075123681490429 2.0765851135564 
1.8587805861307 -0.21517333789126 2.3137884411313 
2.0598513646827 -0.32725841574788 2.5640033034685 
2.2615930780258 -0.41808766624005 2.8221705522674 
2.4543212202881 -0.45501948468616 3.0998248408465 
2.6366205291494 -0.5339315024274 3.3757593538106 
2.8121693683637 -0.60741872459071 3.6575078821639 
2.9740241398785 -0.69169150027026 3.9443896212431 
3.1677774607584 -0.77996999245626 4.2094680218445 
3.3645400934473 -0.85237841993346 4.4771272940687 
3.5225826852854 -0.92329025401334 4.7696919039458 
3.6858179837631 -0.99334972998639 5.0595986254223 
3.9115454392821 -1.0398573166719 5.3095669438261 
4.1508781606022 -1.0761192762433 5.5483239726096 
4.3980891206496 -1.1016816579362 5.7803440275071 
4.6466738816527 -1.156186399193 6.0058098780867 
4.8865603387476 -1.154228465831 6.2467469117686 
5.1406295869012 -1.1863171131974 6.4703964944931 
5.4172654277727 -1.2055924223474 6.6671223799339 
5.7115992833566 -1.2394571129626 6.8339179559744 
5.9786825759401 -1.2791471026082 7.040536492279 
6.2620967320829 -1.293896376549 7.227776645601 
6.5564496517915 -1.3512209011938 7.3879960499604 
6.8462787243067 -1.4011680905614 7.5585961290907 
7.1382911307383 -1.4667255394569 7.7199373060554 
7.4391618492546 -1.5614763980772 7.8468194778927 
7.7506302660725 -1.6923240412506 7.885112030706 
8.0603335612316 -1.8205330239258 7.9420885673587 
8.3646773492566 -1.9602759578015 8.0007977755155 
8.6592429676655 -2.1082868450197 8.0840075929429 
8.9341924495235 -2.2651386618469 8.2081054977763 
9.2044813199966 -2.4377813479034 8.3209701487948 
9.4635943022577 -2.6326384289693 8.4233966120853 
9.7329739642122 -2.8313993029527 8.4827995808549 
9.9902899745103 -3.0528315172205 8.4639251185119 
10.263311293021 -3.2494079325554 8.4147613862212 
10.53769736203 -3.4499045297926 8.404112459972 
10.79887534235 -3.6637430786763 8.3633799470745 
11.059274875237 -3.8489198959409 8.2471834341316 
11.325554861324 -4.0520429322017 8.1885660207646 
11.566931825565 -4.2848478219527 8.132538844841 
11.806083949351 -4.5147199293162 8.0579394082154 
12.031405606072 -4.7444854710319 7.948221830534 
12.2958590867 -4.9126939676826 7.8164255550239 
12.562604121001 -5.0725376570463 7.6789588985343 
12.81494158292 -5.2183469560826 7.5038433548867 
13.055562983104 -5.3486702823379 7.3020583891255 
13.291084688181 -5.4336363477604 7.0720360115968 
13.478710066972 -5.5777900671418 6.8278712671673 
13.626622577453 -5.7099866193371 6.5517445556187 
13.811619994982 -5.8486737826744 6.3024619324109 
13.997652086685 -5.9634899763449 6.0420597386267 
14.16149550893 -6.0644307665639 5.761762949746 
14.339810948264 -6.1467573156556 5.4842274683929 
14.488637153575 -6.3071479755652 5.2239860481184 
14.632783743141 -6.4341318353752 4.9434564417236 
14.690623579281 -6.56068122323 4.6332310304676 
14.729444975093 -6.6519891820296 4.3080299297821 
14.801809816234 -6.7372363317631 3.9869438770969 
14.889789483273 -6.855115074895 3.6804081041351 
15.00223226841 -6.923854984617 3.3669891435056 
15.09936117959 -7.0591941241304 3.0705953312747 
15.218517167637 -7.1840528186714 2.7776582101889 
15.359881134928 -7.2639479729394 2.4789392903393 
15.498616144559 -7.2901323693821 2.1696385071431 
15.636663959865 -7.3417043738393 1.8632349675985 
15.791710976531 -7.4177046117644 1.5703452503696 
15.903643292134 -7.5432272828384 1.2748537686477 
16.01414759036 -7.7042390051931 0.99653017040666 
16.140098685704 -7.8944826136055 0.74445143064483 
16.250564928936 -8.0789288382241 0.4810566711485 
16.3625084308 -8.2972757396702 0.24569889452051 
16.477315215112 -8.535652302401 0.032166656634398 
16.572966894647 -8.7534266056561 -0.21078418004623 
16.634405655422 -8.9408366374354 -0.48773680896135 
16.626505760022 -9.1871885280352 -0.72193402852334 
16.622906463089 -9.4141011335177 -0.97510929298399 
16.602689398131 -9.6274676914265 -1.2390524350632 
16.60826811931 -9.8469055252855 -1.4986981840006 
16.620804323584 -10.065191240448 -1.7590713587682 
16.632894741424 -10.271220752936 -2.0292669578816 
16.654880576022 -10.449866438162 -2.3177151199959 
16.679779273694 -10.633425632858 -2.6028222523108 
16.683986603472 -10.780727875206 -2.9092277806152 
16.664622694817 -10.940087286267 -3.2089436746677 
16.637256089378 -11.08943539607 -3.5131577621211 
16.668957178059 -11.252048410361 -3.8100618687949 
16.701727074991 -11.357844075805 -4.1315170150101 
16.761195864106 -11.458857187567 -4.450671858892 
16.836735410831 -11.544292851218 -4.7709756588338 
16.848617916638 -11.651012736779 -5.0935739726571 
16.873084587537 -11.757793409895 -5.4154423772327 
-0.82636333479844 -0.16931810378858 0.53708008586268 0.27201994314044 -0.95509909709206 0.11743451480631 0.49308091570723 0.243140071694 0.83531677590118 
-0.43068244143687 -0.75911663166459 0.48811328005718 0.7323637501126 -0.61002251412381 -0.30251590005004 0.52740494134867 0.22718818585542 0.81867548885303 
0.0077573668069112 -0.99680295255388 0.079521676542093 0.7166281849813 -0.049921021823591 -0.69566654085882 0.69741226527113 0.062384015259781 0.71394983499504 
0.45778785018924 -0.7902904520925 -0.40727298652198 0.65802013740558 0.60923194037405 -0.44254484698933 0.59786267903914 -0.065402172437205 0.7989260121267 
0.78982718284981 -0.36472344979037 -0.4931022474138 0.3511279133481 0.9280760308813 -0.12403253351999 0.50287395011011 -0.075177696669833 0.86108426081544 
0.71112887647715 0.19127070490407 -0.67654359688481 -0.047051597446157 0.97307209873429 0.2256475965806 0.70148547256384 -0.12863206486076 0.70097926051457 
0.55248338583411 0.76514035223228 -0.33063930462538 -0.47832186301217 0.6158953980467 0.62600403675172 0.68262017531117 -0.18770482159694 0.70625533357802 
0.22193830817696 0.95483398506016 0.19757390601416 -0.70067551029985 0.015263334555027 0.71331680190801 0.67808348794937 -0.29674752162808 0.67241630838194 
-0.20601965203933 0.75702120215778 0.6200603216278 -0.78355053878932 -0.50719663851783 0.3588873403161 0.58617783661322 -0.4119107541201 0.69765684580862 
-0.6479397100908 0.34901735147777 0.67702364837195 -0.4800399320348 -0.87721711011577 -0.007197594888678 0.59138464279982 -0.32966199369594 0.73592606569745 
-0.80316375831864 -0.25910096239084 0.53646497426355 0.053425503217446 -0.92817041434306 -0.36830068903575 0.59335798042112 -0.26714485438873 0.75931543764379 
-0.52584809523002 -0.81077179151586 0.25716314437553 0.63416694827727 -0.57519574663417 -0.51670313988468 0.56684747724206 -0.10862299542972 0.81663026052688 
-0.12005035528239 -0.97264993456582 -0.19884671731183 0.83552671077425 0.0091870082919651 -0.54937301941523 0.53617443782724 -0.23209416982719 0.81157209695313 
0.45628654758091 -0.74941818416608 -0.47976553829754 0.72471796237984 0.62582454891608 -0.28831841595358 0.5163201153361 -0.21613888871562 0.82867214221555 
0.81542035045632 -0.23492005264612 -0.52905786160535 0.32935131688318 0.93988161037586 0.090278837744875 0.47604344563181 -0.24786110493985 0.84376982082141 
0.79068224299638 0.43162748447355 -0.43418809893551 -0.22378133100208 0.86387697180195 0.45126321973458 0.56986270847032 -0.25964262407648 0.77964235470987 
0.50476730719939 0.85171947981688 -0.14065522842445 -0.64054703588329 0.47876865627597 0.60039992387475 0.57871362555567 -0.21296596316822 0.78723315360067 
-0.076510263000311 0.95876271341409 0.27371561705979 -0.88208739893156 -0.19306741409696 0.42970547385402 0.46483115246487 -0.208564217882 0.86048414669734 
-0.56926696798312 0.66635578785722 0.4815652428825 -0.66740950105229 -0.71659637203322 0.20261835428694 0.48010381905211 -0.20605728227368 0.85266682787213 
-0.732901592463 0.076362699689702 0.67603549748613 -0.14861480921185 -0.98765279797495 -0.049553901311512 0.66390428093824 -0.13678701966334 0.73520093648167 
-0.64696835676638 -0.5043029009394 0.57193577388297 0.29313632448601 -0.85691525812429 -0.4239897824955 0.70391976858859 -0.10665282226875 0.70222655524571 
-0.32721648188936 -0.91177440027599 0.24818706046311 0.60354615892748 -0.40375102229339 -0.68754428660335 0.72709105896294 -0.075183475567491 0.68241192616907 
0.046845753670369 -0.9579109740827 -0.2832173036645 0.6806261717845 0.23813418659034 -0.69284927903468 0.73113165000907 -0.16030806251995 0.66313485464579 
0.53334880045857 -0.66275511811936 -0.52563743251021 0.46662673279909 0.74881405676942 -0.47067717240349 0.70554840322025 0.0057586275354894 0.70863833435843 
0.64835189024474 -0.11353730360975 -0.7528274085772 0.14573465828717 0.98904095117215 -0.023651771147229 0.74726249456933 -0.094378374607285 0.65779289036634 
0.51497827802876 0.53215041347545 -0.67202180812559 -0.26980686226907 0.84474963442012 0.46217130181308 0.81363482609278 -0.056692085735266 0.57860554541412 
0.24302615882167 0.94038815424509 -0.23792520985366 -0.437633294905 0.325191566207 0.8382884613654 0.86568781054082 -0.09960203122096 0.4905752236484 
-0.035750386232421 0.97184409849498 0.23289688298619 -0.61777847065153 -0.20467517298846 0.75924820366041 0.78553909583393 -0.1167352636636 0.60770157736649 
-0.34963594954347 0.73039076676502 0.58675721607087 -0.42768447667843 -0.681650558979 0.59366531299368 0.83357104747891 -0.043380217473013 0.55070633330013 
-0.43842844873584 0.19863043286252 0.87654232440877 -0.24138771093732 -0.96546334514277 0.098043368945615 0.86574388149583 -0.16860154307305 0.4712335422334 
-0.51434661628652 -0.40779181768338 0.7544225551672 0.093788323939409 -0.90117989084577 -0.42317674159611 0.85243844857395 -0.1469034981399 0.5017649386187 
-0.39871527168816 -0.83323688930448 0.3830697304993 0.32153631214749 -0.5182067795358 -0.79251254476743 0.85886001891645 -0.19281602616319 0.47453287342547 
-0.24431002713656 -0.95989992027974 -0.13749455875605 0.39653504155679 0.030498528942063 -0.91751283399737 0.88491387798928 -0.2786789959422 0.37318285834504 
-0.19608674939864 -0.67493750554025 -0.71134334208267 0.34977258786804 0.62956565401497 -0.69376236858218 0.91608357887603 -0.38484600933339 0.1126251553332 
0.11764621166853 -0.15193401927843 -0.98136406224497 0.3955187125667 0.91363163976243 -0.09403283912846 0.91089204458573 -0.37708524316245 0.16757804897866 
0.37488661596731 0.4843618295513 -0.79047684548144 0.24125604139423 0.77231180550566 0.58764785166578 0.89512878830891 -0.4110086290461 0.17267414163759 
0.47037467669105 0.87595256782973 -0.10702692390363 -0.16778442141456 0.20784189116473 0.96366495018117 0.86636946590836 -0.43532613887705 0.24473475713935 
0.23873400815289 0.82444989105205 0.51311641027706 -0.53763454504545 -0.32780794386546 0.77684686258777 0.8086749466411 -0.46132887302119 0.36499383774514 
-0.16845812425464 0.34090176864286 0.92488261120472 -0.58279405127882 -0.79117189325889 0.18546732626301 0.7949672660975 -0.50777260604855 0.33195485593689 
-0.4693794775096 -0.1685496590989 0.86676058892314 -0.44597203785362 -0.801958238014 -0.39745682272937 0.76209700665041 -0.57310906195864 0.3012543037957 
-0.57751581831801 -0.62614260902384 0.52385199508766 -0.19684279568371 -0.51594478667755 -0.8336989210067 0.79229312339558 -0.58459080583353 0.17471461402804 
-0.65286833971432 -0.74908883368702 -0.11237815732621 0.031604397732736 0.12129187641376 -0.99211362391613 0.75681179499435 -0.65127121843471 -0.055513124538141 
-0.51483422388544 -0.5507291769268 -0.65699550652784 0.3002174110154 0.60201456295612 -0.73989727132349 0.80300387797292 -0.57816592745535 -0.14459921261965 
-0.15262948961273 -0.15705498074906 -0.97572433193111 0.57046159260797 0.79220736486187 -0.21675115320994 0.80701785002549 -0.5896958742272 -0.031320371321181 
0.11110311618603 0.31522701348223 -0.94249033286547 0.6305316279681 0.71068297793099 0.31202495254551 0.76817053035482 -0.62893690848142 -0.11980150852199 
0.34682002485697 0.79748911306946 -0.49368713259902 0.54142607643468 0.25957829768778 0.79967300262424 0.76588097907883 -0.544637697837 -0.34175444983219 
0.60246866648746 0.79767515938 -0.027310181414481 0.15383818094041 -0.08247941216794 0.98464763273642 0.78317642966688 -0.5974206948847 -0.17240415696188 
0.65972753030066 0.56468034132584 0.49587871287588 -0.24648689487338 -0.46075402572733 0.8526135926853 0.70993224776664 -0.68472026397366 -0.1647858115398 
0.41121533926004 0.13527409751344 0.90144487535245 -0.57978135795516 -0.72429085016838 0.37317065979262 0.70338859937084 -0.67609443342206 -0.21941010772242 
0.083907174996463 -0.36119234569739 0.92870860628816 -0.74415995666713 -0.64254192285663 -0.1826631770907 0.66271075506386 -0.67578100504625 -0.32269875788639 
-0.24923194455853 -0.80897845487105 0.5323882956696 -0.57697818284983 -0.31748263471883 -0.75252970251503 0.7778043547878 -0.49473087250187 -0.38763610444166 
-0.54332670635766 -0.83542040651787 -0.082878432249147 -0.29880839902289 0.2846962234046 -0.91085761843029 0.78454421853196 -0.47012849812864 -0.40431369555759 
-0.66839258502573 -0.53020252109685 -0.52166717253928 -0.049361111667689 0.73141794465193 -0.68014062582385 0.74216900564322 -0.42885087951837 -0.51504571661046 
-0.63527690070919 0.022321900394779 -0.77196178155922 0.30914367947559 0.92335250713463 -0.22770668195841 0.70771000054092 -0.38330390075107 -0.59348519341548 
-0.49743946609129 0.51366663156334 -0.69907121897068 0.52221220816271 0.82079015920472 0.23151225496388 0.69271089728729 -0.24990019241891 -0.67653640449602 
0.012166137214994 0.8651215075153 -0.5014147607916 0.83386168971721 0.26796350776679 0.48256630728565 0.55183934938279 -0.4239815275926 -0.71813160126333 
0.53475131111184 0.83723274259545 -0.11437818843752 0.72441978285736 -0.38453281187489 0.57214551889917 0.43503679553459 -0.38881338880963 -0.81213738690774 
0.81309090074877 0.47190082103778 0.34087065321534 0.20694791353772 -0.78161653882652 0.58842854053425 0.54411005155381 -0.4079034215801 -0.7331841859051 
0.8016582320779 -0.051776313280306 0.59553613855484 -0.24076428878343 -0.93983057599505 0.24238614991647 0.54715321089095 -0.33769468726621 -0.76588880524775 
0.58678666559062 -0.58938931922383 0.55524916881515 -0.65073889249307 -0.75131865335512 -0.10981427465281 0.48189241836939 -0.29688467711472 -0.82440232023724 
0.1287606619644 -0.92512832090767 0.35715302292562 -0.84164444038746 -0.29241632497039 -0.45401247654194 0.52445717451034 -0.2421369090933 -0.81628082750934 
-0.51971576817869 -0.82742751755412 0.21274215261808 -0.73368460762195 0.30467635989994 -0.60735427244455 0.4377241332677 -0.47173723502839 -0.76541594198362 
-0.81430291714153 -0.55597085335791 -0.16675481807513 -0.3964444535835 0.74256827985648 -0.53983714671538 0.42396055754945 -0.37348194061749 -0.82508707763175 
-0.97794893306926 0.050062496939776 -0.20275510032765 0.12114468391924 0.92679979920034 -0.35548009474546 0.17011716511514 -0.37220408192589 -0.91242768016479 
-0.67231502772205 0.68792412755843 -0.2734097624848 0.73140638470137 0.67426981067935 -0.10200452354918 0.11418057591888 -0.26855281999884 -0.95647382554545 
-0.059098018027656 0.96144311202385 -0.26857879031508 0.97529867668948 0.11297414948495 0.18981394257501 0.21283776806035 -0.25072691098099 -0.94437074319203 
0.49759795226535 0.84783654407875 -0.18321973809034 0.82791159655125 -0.40121165108687 0.39190764132397 0.25876372658723 -0.34670218568207 -0.90157580282856 
0.84333655960925 0.50171689397971 0.19251910430346 0.42357012232887 -0.84107368309857 0.33642742318254 0.33071407393206 -0.20217620506454 -0.92182047243973 
0.94211859038898 -0.049942886519515 0.33153924312155 -0.17550881884806 -0.91600048904934 0.36074888574713 0.28567326817544 -0.39805629268654 -0.8717465065617 
0.6807546413859 -0.53191652761115 0.50362478680619 -0.64323538139834 -0.76302415850096 0.063579695352806 0.35045878837439 -0.36723145453227 -0.86157976789918 
0.19587490351815 -0.92023574928748 0.33882028850835 -0.88812331839327 -0.31296623466754 -0.33658447273183 0.41577637438636 -0.23498574784699 -0.87858505838135 
-0.25244972766597 -0.96710159157058 -0.031363140515357 -0.87736486705325 0.2424531296652 -0.41406203638606 0.40804414597199 -0.07701293071386 -0.9097081858711 
-0.73531929044132 -0.63976859092404 -0.22361057929339 -0.54263327928405 0.75345113305125 -0.37129572353736 0.40602298619453 -0.15168236605081 -0.90118688101356 
-0.88901747971076 -0.069662037640347 -0.45254294965294 0.041147286290831 0.97220444853164 -0.23048950320161 0.456020637252 -0.22353011154434 -0.8614403447908 
-0.67780583611184 0.54841402318445 -0.48971553753923 0.6574178666066 0.75029660275277 -0.069690433806396 0.32921269294969 -0.36918432668827 -0.86909259329976 
-0.15435293909376 0.82742206501618 -0.53995175387933 0.93302837729377 0.30184427954789 0.19582665311115 0.32501264184282 -0.47356388927841 -0.81859881835599 
0.47558075177074 0.79989210540329 -0.36605405100688 0.79786834533254 -0.21699672906464 0.56242201511996 0.37044439807012 -0.55954002474232 -0.74140805812304 
0.84908896067714 0.52807251303398 -0.013687871790234 0.4165182613 -0.65333392592357 0.63219247009177 0.32490071538826 -0.54248889593716 -0.77469046910685 
0.92896293685363 0.088944048742664 0.35932828742745 -0.16918983707452 -0.76136211235641 0.62586143266598 0.32924559371837 -0.64219676895894 -0.69222875478821 
0.66619091975922 -0.29335126011153 0.6856636906103 -0.66495913180996 -0.64991788645228 0.36801643155162 0.33766701268114 -0.7011075374437 -0.62803599378268 
0.26225426879201 -0.66497011612359 0.69931212141854 -0.92308016494001 -0.38413315576252 -0.019097846430127 0.28132846922177 -0.6405126566326 -0.71456128435478 
-0.1419778136455 -0.83414494917639 0.5329582574611 -0.973236354525 0.019343628982121 -0.22899087809045 0.18070223757132 -0.55120597582151 -0.8145665556327 
-0.7458686229297 -0.446219935233 0.49453793254891 -0.66568771412189 0.52525633996141 -0.53006192524783 -0.023234986469119 -0.72456438411706 -0.68881535165293 
-0.97921939252673 -0.14390639234632 0.14289972547733 -0.20252731756071 0.73067196238696 -0.65199782900188 -0.010586167449751 -0.66739001612504 -0.7446331307666 
-0.86516455879645 0.42033056254077 -0.27351874596957 0.49795036100003 0.6553661935585 -0.56792657124013 -0.059461955758253 -0.62754869973157 -0.77630335905664 
-0.31882930984512 0.7205191575244 -0.61579218477011 0.94767011591902 0.25358237600269 -0.19395187540968 0.016408003467418 -0.64540539370316 -0.7636639674628 
0.20871317047683 0.75437182583644 -0.62238409431283 0.97728160112027 -0.13688522549877 0.16181194996654 0.036871189041534 -0.64201680930036 -0.76580345519878 
0.67797369208927 0.59885029204463 -0.42629801847164 0.73422554811389 -0.52362172573407 0.43212629269235 0.035560052469845 -0.60596915437776 -0.79469293856881 
0.98363290306182 0.17684066828529 -0.034549819892705 0.16818100589152 -0.83225734252296 0.52826401076918 0.064664219406956 -0.52542848595884 -0.84837694739507 
0.93311355172143 -0.25970916613767 0.2486971021501 -0.35204580996266 -0.80067518474633 0.4847504473635 0.073231463740209 -0.53987998439974 -0.83855038916153 
0.60282725514426 -0.71582748556802 0.35240645760343 -0.79777576562667 -0.54762439344633 0.25231201216219 0.012374499347015 -0.43324188925804 -0.90119273030693 
0.047463146152693 -0.883223238426 0.4665447040332 -0.99724803476894 -0.015268618385409 0.072548097439488 -0.056952672516533 -0.46870415018088 -0.88151733544863 
-0.52139961496033 -0.74649667326715 0.41338258105561 -0.84950797456184 0.49979407663122 -0.16894402066986 -0.080490015995691 -0.43925914647887 -0.89474731603939 
-0.94899148340439 -0.30801915284048 0.067374816581016 -0.30120051007066 0.82242239289959 -0.48259678862417 0.093238496121831 -0.47827357144287 -0.87324737256988 
-0.92765259125251 0.31623023636636 -0.19864316638164 0.36079242012401 0.89620063366634 -0.2581729145302 0.096382049799427 -0.31116372189514 -0.94545631239779 
-0.4956393368069 0.797209495457 -0.34467182676108 0.85073425241669 0.52553797452922 -0.0078146716373573 0.17490820328011 -0.29709738753644 -0.93869071729956 
0.104389124312 0.9667956194925 -0.23325767051794 0.96940245462612 -0.046517807319656 0.24102899113419 0.22217513742626 -0.25128136367876 -0.94206999982879 
0.63001354877476 0.74391061727268 -0.22288993218459 0.77579734947893 -0.58997887531517 0.22374851781251 0.034948546490437 -0.31388201635451 -0.94881857006878 
0.96010510167527 0.27895434369621 -0.01956189842807 0.27022183010733 -0.9074967140296 0.32160515630005 0.071960796761401 -0.31406080328233 -0.94667177816344 
0.92104567522678 -0.34500935821694 0.18067486512752 -0.37927274767647 -0.89998879707147 0.21487751863733 0.088470599726816 -0.26643706177738 -0.95978343656026 
