################################################################################
#
# Interactions for all hexamers including up to next-next-nearest neighbor
# couplings. Calculated with cgNA+.
#
################################################################################
############### SETUP ##########################################################
################################################################################

interaction_range  = 2 
monomer_types      = atcg 
discretization     = 0.34 
avg_inconsist      = 1 

################################################################################
############ INTERACTIONS ######################################################
################################################################################

aaaaaa
	stiffmat	12.47 -0.727 -0.04 6.489 -1.095 0.443 3.389 1.582 5.869
	stiffmat	35.236 -7.816 -2.558 13.013 0.226 5.318 6.313 0.387 22.531
	stiffmat	101.302 0.298 10.392 0.298 43.939 9.667 10.392 9.667 59.477
	stiffmat	35.184 -7.804 -2.721 12.929 0.241 5.293 6.049 0.341 22.159
	stiffmat	12.497 -0.763 -0.139 6.217 -1.085 0.227 2.919 1.369 5.344
	vec			-1.606 1.589 35.929

aaaaac
	stiffmat	12.542 -0.71 -0.024 6.499 -1.099 0.412 3.406 1.593 5.636
	stiffmat	35.45 -7.789 -2.635 13.075 0.218 5.291 6.501 0.411 22.118
	stiffmat	101.767 0.267 10.165 0.267 43.9 9.64 10.165 9.64 58.363
	stiffmat	35.177 -7.867 -2.726 12.791 0.357 5.467 5.461 0.432 22.325
	stiffmat	14.735 -2.468 -1.856 6.609 -1.004 0.485 3.454 1.319 8.115
	vec			-1.612 1.361 35.971

aaaaag
	stiffmat	12.464 -0.742 -0.106 6.379 -1.106 0.39 3.106 1.542 5.706
	stiffmat	35.141 -7.868 -2.688 12.962 0.212 5.29 6.093 0.282 22.265
	stiffmat	101.185 0.205 10.268 0.205 43.92 9.529 10.268 9.529 59.008
	stiffmat	35.027 -7.599 -2.47 12.907 0.348 5.302 5.682 0.281 22.081
	stiffmat	12.672 -0.625 1.399 6.212 -0.862 1.091 1.822 0.845 4.969
	vec			-1.773 1.316 35.727

aaaaat
	stiffmat	12.591 -0.685 -0.035 6.451 -1.101 0.372 3.349 1.648 5.744
	stiffmat	35.44 -7.76 -2.712 13.013 0.193 5.302 6.305 0.375 22.456
	stiffmat	101.379 0.119 10.105 0.119 43.814 9.689 10.105 9.689 58.034
	stiffmat	34.783 -7.591 -2.693 12.656 0.426 5.1 4.674 0.248 23.492
	stiffmat	13.988 -2.684 -4.908 6.471 -1.625 -0.652 3.487 0.695 7.621
	vec			-1.448 1.164 35.712

aaaaca
	stiffmat	12.792 -0.767 -0.038 6.423 -1.068 0.419 3.558 1.488 5.655
	stiffmat	35.174 -7.942 -2.84 12.816 0.313 5.408 5.406 0.447 22.777
	stiffmat	99.527 0.688 10.814 0.688 44.848 10.992 10.814 10.992 60.808
	stiffmat	36.963 -6.58 -2.602 13.497 1.294 7.405 4.839 1.668 22.965
	stiffmat	8.954 -6.132 -4.459 4.27 -1.617 0.221 1.613 2.858 7.399
	vec			-2.865 0.568 37.388

aaaacc
	stiffmat	12.937 -0.707 0.105 6.457 -1.049 0.425 3.577 1.459 5.238
	stiffmat	35.585 -7.786 -2.576 12.988 0.366 5.509 5.83 0.453 22.155
	stiffmat	100.74 1.117 11.505 1.117 44.888 10.952 11.505 10.952 58.335
	stiffmat	37.962 -7.06 -1.712 13.876 1.005 7.134 5.657 0.443 21.349
	stiffmat	11.112 -6.757 -3.448 4.479 -2.277 -0.345 -1.517 0.506 5.042
	vec			-2.217 0.453 36.559

aaaacg
	stiffmat	12.755 -0.737 0.017 6.463 -1.062 0.43 3.732 1.517 5.589
	stiffmat	35.232 -7.874 -2.724 12.837 0.324 5.449 5.734 0.53 22.681
	stiffmat	99.669 0.798 11.102 0.798 44.909 11.094 11.102 11.094 60.654
	stiffmat	36.474 -6.849 -2.923 13.468 1.211 7.228 5.025 1.67 23.252
	stiffmat	9.519 -5.76 -3.209 4.519 -1.637 0.461 1.878 2.608 6.636
	vec			-2.87 0.5 37.71

aaaact
	stiffmat	12.799 -0.732 0.157 6.499 -1.054 0.465 3.82 1.486 5.324
	stiffmat	35.362 -7.84 -2.461 12.898 0.328 5.53 5.885 0.458 22.301
	stiffmat	100.026 0.891 11.612 0.891 44.84 11.058 11.612 11.058 58.474
	stiffmat	36.776 -7.014 -1.722 13.534 1.137 6.745 5.181 0.837 20.802
	stiffmat	12.341 -6.542 -4.065 4.726 -3.097 -0.341 -0.993 -0.856 4.989
	vec			-2.23 0.481 36.82

aaaaga
	stiffmat	12.495 -0.691 -0.018 6.447 -1.04 0.503 3.069 1.538 5.778
	stiffmat	35.139 -7.635 -2.33 12.993 0.338 5.326 6.058 0.418 22.667
	stiffmat	101.731 1.082 11.462 1.082 44.302 10.419 11.462 10.419 61.892
	stiffmat	35.148 -6.97 1.156 13.955 0.172 5.919 5.895 -0.345 21.83
	stiffmat	8.584 0.5 0.038 5.095 -0.596 0.224 5.931 1.149 3.441
	vec			-2.677 0.634 36.377

aaaagc
	stiffmat	12.576 -0.636 0.038 6.524 -1.03 0.45 3.064 1.511 5.335
	stiffmat	35.457 -7.51 -2.424 13.118 0.354 5.336 6.062 0.353 22.013
	stiffmat	102.508 1.258 11.269 1.258 44.265 10.396 11.269 10.396 58.274
	stiffmat	36.408 -6.556 1.84 14.344 0.283 6.18 3.295 -1.549 21.778
	stiffmat	10.5 -1.598 0.236 5.324 -0.546 0.858 2.321 2.983 7.655
	vec			-2.596 0.27 36.597

aaaagg
	stiffmat	12.425 -0.694 -0.025 6.41 -1.044 0.466 3.023 1.467 5.412
	stiffmat	35.006 -7.634 -2.339 12.974 0.334 5.311 6.047 0.278 22.181
	stiffmat	101.559 1.07 11.503 1.07 44.253 10.198 11.503 10.198 59.415
	stiffmat	35.062 -6.636 2.022 14.124 0.196 6.055 4.03 -1.641 20.943
	stiffmat	7.726 0.535 2.024 5.104 -0.401 0.857 3.213 1.073 3.791
	vec			-2.672 0.496 35.801

aaaagt
	stiffmat	12.513 -0.672 0.064 6.488 -1.046 0.454 3.113 1.526 5.391
	stiffmat	35.243 -7.594 -2.365 12.955 0.277 5.321 5.793 0.219 22.148
	stiffmat	101.541 0.842 11.258 0.842 44.031 10.389 11.258 10.389 58.045
	stiffmat	34.67 -6.538 2.694 13.513 0.233 6.226 2.563 -1.535 21.055
	stiffmat	10.177 -1.656 -1.277 5.292 -1.146 -0.182 3.306 2.297 7.025
	vec			-2.452 0.195 36.236

aaaata
	stiffmat	12.469 -0.736 -0.323 6.257 -1.08 0.377 3.023 1.483 6.891
	stiffmat	34.299 -7.78 -3.172 12.481 0.326 4.886 4.481 0.205 23.697
	stiffmat	98.151 0.608 8.285 0.608 44.717 8.796 8.285 8.796 68.578
	stiffmat	34.58 -8.416 -10.204 12.991 1.351 6.419 10.411 7.203 17.624
	stiffmat	9.037 -4.524 -4.83 4.103 -1.032 -0.03 2.492 1.552 3.694
	vec			-2.937 0.402 38.058

aaaatc
	stiffmat	12.949 -0.62 -0.069 6.503 -1.027 0.511 3.408 1.511 6.767
	stiffmat	35.424 -7.476 -2.476 12.935 0.44 5.177 5.014 0.283 23.336
	stiffmat	100.727 1.247 9.762 1.247 44.863 8.932 9.762 8.932 67.969
	stiffmat	37.977 -8.69 -7.359 13.786 1.21 6.964 11.631 6.451 18.571
	stiffmat	14.168 -5.998 -4.899 5.49 -1.952 -0.169 4.492 -0.392 2.305
	vec			-2.629 0.391 38.465

aaaatg
	stiffmat	12.765 -0.658 -0.117 6.359 -1.035 0.491 3.291 1.535 6.989
	stiffmat	34.871 -7.55 -2.58 12.713 0.419 5.138 5.037 0.344 23.973
	stiffmat	99.523 1.137 9.698 1.137 44.878 9.155 9.698 9.155 69.288
	stiffmat	36.811 -8.123 -7.667 13.759 1.343 7.116 11.957 6.957 19.697
	stiffmat	10.814 -5.104 -2.239 4.703 -1.178 0.944 3.919 1.388 4.429
	vec			-2.935 0.405 38.082

aaaatt
	stiffmat	12.822 -0.651 -0.003 6.461 -1.037 0.533 3.401 1.507 6.845
	stiffmat	35.22 -7.523 -2.266 12.86 0.416 5.227 5.081 0.285 23.549
	stiffmat	100.387 1.151 10.155 1.151 44.805 8.953 10.155 8.953 68.213
	stiffmat	37.551 -8.702 -7.252 13.521 1.206 6.746 11.706 5.923 19.056
	stiffmat	14.983 -5.867 -6.207 5.718 -2.43 -0.607 5.902 -0.491 -0.229
	vec			-2.558 0.395 38.349

aaacaa
	stiffmat	14.925 -2.324 -1.983 6.906 -0.948 0.723 3.64 1.731 9.206
	stiffmat	37.098 -6.542 -2.477 13.6 1.307 7.449 5.084 1.703 23.127
	stiffmat	111.901 7.919 11.889 7.919 49.972 21.688 11.889 21.688 81.188
	stiffmat	31.208 -15.208 -12.105 8.513 3.028 5.669 0.646 5.606 24.798
	stiffmat	9.52 -4.219 -4.036 3.152 0.265 2.53 0.138 2.831 10.755
	vec			-0.47 -0.744 33.726

aaacac
	stiffmat	14.913 -2.328 -1.959 6.879 -0.947 0.737 3.663 1.71 9.109
	stiffmat	37.134 -6.542 -2.452 13.585 1.309 7.481 5.279 1.712 23.108
	stiffmat	111.161 7.981 12.58 7.981 49.992 21.783 12.58 21.783 81.027
	stiffmat	30.309 -14.254 -10.812 8.727 3.258 6.006 1.543 4.929 25.143
	stiffmat	9.65 -3.821 -5.452 3.752 -0.374 2.076 0.242 2.434 13.071
	vec			-0.358 -0.597 33.612

aaacag
	stiffmat	14.92 -2.342 -2.033 6.892 -0.954 0.705 3.629 1.686 9.097
	stiffmat	37.073 -6.587 -2.595 13.582 1.281 7.388 5.107 1.602 22.85
	stiffmat	111.608 7.95 12.141 7.95 49.926 21.549 12.141 21.549 80.513
	stiffmat	31.088 -14.828 -11.556 8.484 3.074 5.636 0.192 5.251 24.32
	stiffmat	9.595 -3.4 -2.322 2.887 0.226 2.994 -1.504 2.422 10.489
	vec			-0.524 -0.713 33.679

aaacat
	stiffmat	14.967 -2.328 -1.94 6.903 -0.957 0.714 3.647 1.756 9.334
	stiffmat	37.227 -6.565 -2.532 13.562 1.295 7.517 5.028 1.825 23.616
	stiffmat	111.211 7.744 12.365 7.744 50.038 22.148 12.365 22.148 81.567
	stiffmat	30.484 -14.31 -11.727 8.322 3.488 6.594 0.536 4.811 26.552
	stiffmat	9.606 -4.268 -7.369 3.941 -0.476 1.265 0.811 1.215 14.168
	vec			0.008 -0.565 33.15

aaacca
	stiffmat	15.425 -2.478 -1.619 7.151 -1.013 0.779 4.33 1.205 8.287
	stiffmat	38.275 -7.06 -1.773 14.01 1.034 7.204 5.836 0.627 21.952
	stiffmat	112.37 8.186 11.792 8.186 50.602 20.728 11.792 20.728 83.512
	stiffmat	32.151 -14.702 -9.59 6.809 2.279 7.198 0.367 1.939 23.296
	stiffmat	7.795 -6.338 -7.614 0.94 -0.273 1.772 -0.472 4.531 11.813
	vec			-1.198 -1.08 35.099

aaaccc
	stiffmat	15.423 -2.471 -1.563 7.019 -1.001 0.783 4.138 1.119 7.941
	stiffmat	38.215 -7.02 -1.624 14.004 0.999 7.139 5.961 0.431 21.396
	stiffmat	111.903 8.329 13.052 8.329 50.532 20.626 13.052 20.626 81.755
	stiffmat	32.386 -13.913 -8.067 6.753 2.145 6.879 0.521 0.48 21.301
	stiffmat	10.555 -5.973 -4.68 1.006 -0.778 0.639 -3.725 1.996 7.12
	vec			-0.166 -1.132 34.513

aaaccg
	stiffmat	15.346 -2.482 -1.631 7.04 -1.01 0.768 4.155 1.185 8.105
	stiffmat	38.103 -7.044 -1.669 13.927 1.032 7.244 5.851 0.601 21.826
	stiffmat	111.729 8.149 12.18 8.149 50.611 20.803 12.18 20.803 83.491
	stiffmat	31.603 -14.451 -9.148 6.746 2.309 7.242 0.778 2.018 23.319
	stiffmat	7.486 -5.77 -6.458 1.121 -0.332 1.821 0.492 4.016 11.031
	vec			-1.209 -1.105 35.234

aaacct
	stiffmat	15.299 -2.467 -1.462 7.035 -1.005 0.833 4.326 1.064 7.842
	stiffmat	37.994 -7.009 -1.39 13.942 0.964 7.16 6.105 0.271 21.129
	stiffmat	111.182 8.215 13.198 8.215 50.44 20.539 13.198 20.539 81.721
	stiffmat	31.228 -13.817 -7.845 6.391 2.206 6.616 0.676 0.831 20.851
	stiffmat	10.734 -4.873 -5.841 0.989 -1.69 0.993 -3.364 -0.463 8.302
	vec			-0.225 -1.191 34.729

aaacga
	stiffmat	14.84 -2.398 -2.1 6.747 -1.001 0.6 3.747 1.536 9.023
	stiffmat	36.578 -6.87 -2.96 13.53 1.215 7.223 5.183 1.753 23.388
	stiffmat	110.711 7.74 10.507 7.74 50.354 21.858 10.507 21.858 83.666
	stiffmat	30.077 -14.53 -11.51 7.31 2.137 5.284 -1.56 5.381 23.451
	stiffmat	7.13 -1.929 -2.453 2.731 0.253 1.857 6.575 0.593 10.956
	vec			-1.241 -1.111 34.239

aaacgc
	stiffmat	14.868 -2.347 -1.927 6.821 -0.987 0.674 3.878 1.518 9.013
	stiffmat	36.765 -6.776 -2.707 13.606 1.229 7.329 5.401 1.715 23.573
	stiffmat	110.491 7.797 11.877 7.797 50.329 22.173 11.877 22.173 82.717
	stiffmat	31.268 -13.046 -9.576 7.981 2.677 5.616 -1.229 3.638 24.09
	stiffmat	9.037 -3.298 -3.456 3.294 -0.126 1.731 2.677 2.778 13.049
	vec			-0.415 -0.644 33.403

aaacgg
	stiffmat	14.783 -2.381 -2.047 6.789 -0.999 0.631 3.869 1.521 9.025
	stiffmat	36.52 -6.856 -2.888 13.537 1.21 7.237 5.353 1.695 23.27
	stiffmat	110.428 7.819 11.309 7.819 50.34 21.89 11.309 21.89 82.355
	stiffmat	30.819 -13.904 -10.588 7.548 2.443 5.484 -2.816 4.514 23.483
	stiffmat	6.822 -1.76 -0.958 2.835 0.217 1.851 3.607 1.468 9.855
	vec			-0.835 -0.834 33.71

aaacgt
	stiffmat	14.845 -2.381 -1.977 6.813 -0.996 0.68 3.907 1.523 9.014
	stiffmat	36.673 -6.813 -2.722 13.535 1.202 7.326 5.288 1.685 23.543
	stiffmat	110.138 7.581 11.605 7.581 50.249 22.194 11.605 22.194 82.538
	stiffmat	29.904 -13.514 -10.081 7.203 2.717 6.0 -2.396 3.674 24.154
	stiffmat	8.589 -3.668 -4.387 3.458 -0.33 1.272 4.008 1.488 14.338
	vec			-0.16 -0.689 33.13

aaacta
	stiffmat	14.824 -2.527 -1.591 6.899 -1.017 0.711 4.13 1.41 7.928
	stiffmat	36.969 -7.049 -1.891 13.611 1.12 6.734 5.545 0.868 20.984
	stiffmat	111.729 8.384 8.438 8.384 50.601 19.028 8.438 19.028 85.637
	stiffmat	30.744 -17.17 -11.028 5.022 1.281 6.77 3.407 3.137 19.411
	stiffmat	6.314 -5.729 -5.105 1.187 0.304 2.396 1.793 4.226 10.134
	vec			-2.162 -1.323 35.47

aaactc
	stiffmat	14.877 -2.475 -1.422 6.928 -1.002 0.779 4.178 1.424 7.931
	stiffmat	37.043 -6.948 -1.536 13.686 1.156 6.812 5.417 0.957 21.255
	stiffmat	111.73 8.545 9.145 8.545 50.689 19.179 9.145 19.179 85.651
	stiffmat	31.294 -16.267 -9.867 5.38 1.259 6.996 4.255 2.702 19.885
	stiffmat	10.857 -5.361 -3.188 1.382 -0.688 1.663 0.023 1.139 6.927
	vec			-1.788 -1.421 35.485

aaactg
	stiffmat	14.849 -2.492 -1.441 6.859 -1.008 0.741 4.136 1.398 7.895
	stiffmat	36.919 -6.978 -1.601 13.606 1.143 6.821 5.5 0.757 20.754
	stiffmat	111.499 8.446 8.804 8.446 50.594 19.056 8.804 19.056 85.677
	stiffmat	31.008 -16.698 -10.448 5.209 1.497 6.852 3.756 3.589 19.76
	stiffmat	7.306 -5.974 -3.343 1.485 0.199 2.985 1.734 4.251 10.982
	vec			-2.211 -1.31 35.468

aaactt
	stiffmat	14.827 -2.497 -1.409 6.856 -1.003 0.792 4.102 1.411 7.875
	stiffmat	36.835 -6.979 -1.484 13.608 1.13 6.792 5.412 0.889 20.988
	stiffmat	111.522 8.459 9.169 8.459 50.667 19.148 9.169 19.148 85.322
	stiffmat	30.682 -15.995 -9.896 5.024 1.192 6.998 3.705 2.343 19.451
	stiffmat	10.294 -5.477 -3.61 1.579 -1.036 2.08 1.033 0.09 7.121
	vec			-1.661 -1.505 35.327

aaagaa
	stiffmat	12.759 -0.66 1.292 6.391 -0.878 1.282 2.563 1.121 5.774
	stiffmat	35.214 -6.995 1.261 14.032 0.173 5.937 6.217 -0.247 22.106
	stiffmat	98.681 7.46 13.49 7.46 42.914 6.372 13.49 6.372 61.394
	stiffmat	29.553 -3.088 -3.377 14.956 0.22 1.833 4.549 5.336 21.595
	stiffmat	12.558 0.453 3.039 6.091 -1.762 -0.804 4.613 1.417 7.389
	vec			-1.606 3.723 33.98

aaagac
	stiffmat	12.791 -0.622 1.326 6.394 -0.882 1.264 2.521 1.1 5.554
	stiffmat	35.386 -6.917 1.29 14.083 0.147 5.944 6.251 -0.297 21.889
	stiffmat	99.137 7.431 13.584 7.431 42.717 6.353 13.584 6.353 60.672
	stiffmat	29.967 -2.73 -3.213 14.477 0.316 1.99 4.777 5.3 22.005
	stiffmat	15.195 -1.491 1.548 6.264 -1.541 -0.541 5.053 1.664 10.351
	vec			-1.474 3.757 33.939

aaagag
	stiffmat	12.678 -0.647 1.292 6.371 -0.892 1.242 2.457 1.077 5.619
	stiffmat	35.138 -7.012 1.205 14.018 0.154 5.911 6.062 -0.372 21.795
	stiffmat	98.581 7.39 13.46 7.39 42.833 6.23 13.46 6.23 60.845
	stiffmat	29.451 -2.91 -3.193 14.815 0.281 1.803 4.396 5.324 21.339
	stiffmat	12.816 0.63 4.489 6.015 -1.559 -0.048 3.591 0.965 7.343
	vec			-1.672 3.764 33.745

aaagat
	stiffmat	12.916 -0.628 1.316 6.368 -0.887 1.265 2.474 1.124 5.701
	stiffmat	35.477 -6.933 1.246 14.026 0.114 5.963 6.052 -0.337 22.316
	stiffmat	98.87 7.204 13.589 7.204 42.6 6.394 13.589 6.394 60.523
	stiffmat	29.591 -2.614 -3.616 14.284 0.326 1.839 3.902 5.257 22.787
	stiffmat	14.108 -1.982 -0.789 6.145 -2.249 -1.81 5.009 0.559 10.708
	vec			-1.427 3.486 34.111

aaagca
	stiffmat	13.326 -0.495 1.529 6.651 -0.795 1.343 2.337 0.933 5.331
	stiffmat	36.562 -6.608 1.766 14.452 0.263 6.12 3.457 -1.507 22.125
	stiffmat	98.984 7.558 15.194 7.558 42.795 6.24 15.194 6.24 59.433
	stiffmat	30.205 -4.298 0.555 14.257 1.493 5.23 1.387 5.96 23.574
	stiffmat	8.22 -3.275 -0.058 5.015 -2.217 0.452 3.19 4.068 11.621
	vec			-2.738 3.071 36.203

aaagcc
	stiffmat	13.43 -0.422 1.65 6.6 -0.779 1.334 2.198 0.904 4.936
	stiffmat	36.724 -6.451 1.972 14.503 0.287 6.234 3.594 -1.457 21.85
	stiffmat	99.638 7.92 16.075 7.92 42.835 6.365 16.075 6.365 56.767
	stiffmat	31.356 -4.382 1.083 14.74 1.326 5.207 3.139 4.866 21.579
	stiffmat	9.706 -4.788 -0.159 5.192 -2.698 -0.552 -0.305 1.43 8.686
	vec			-2.174 2.439 35.256

aaagcg
	stiffmat	13.332 -0.472 1.583 6.594 -0.797 1.329 2.291 0.946 5.242
	stiffmat	36.541 -6.567 1.888 14.416 0.264 6.181 3.591 -1.482 22.044
	stiffmat	98.938 7.647 15.658 7.647 42.823 6.377 15.658 6.377 59.093
	stiffmat	29.95 -4.369 0.709 14.363 1.458 5.14 1.755 5.822 23.553
	stiffmat	8.53 -3.264 0.909 5.588 -2.193 0.303 4.083 3.595 10.854
	vec			-2.68 2.99 36.264

aaagct
	stiffmat	13.33 -0.458 1.685 6.61 -0.786 1.379 2.361 0.903 5.027
	stiffmat	36.535 -6.509 2.122 14.396 0.239 6.255 3.583 -1.555 22.006
	stiffmat	98.905 7.628 16.248 7.628 42.678 6.386 16.248 6.386 57.28
	stiffmat	29.862 -4.295 1.035 14.298 1.493 4.8 3.149 5.201 21.369
	stiffmat	10.312 -5.198 -0.049 5.11 -3.941 -0.516 -0.126 -0.238 9.307
	vec			-2.283 2.568 35.486

aaagga
	stiffmat	12.603 -0.576 1.674 6.492 -0.819 1.383 2.591 0.916 5.4
	stiffmat	35.233 -6.654 2.209 14.249 0.223 6.118 4.582 -1.357 21.336
	stiffmat	98.038 7.676 15.263 7.676 42.623 5.946 15.263 5.946 61.487
	stiffmat	26.272 -3.379 3.004 15.026 -0.048 3.584 4.841 4.539 19.984
	stiffmat	9.326 1.26 3.495 5.799 -1.547 -1.019 8.237 -0.458 4.079
	vec			-2.333 2.909 34.829

aaaggc
	stiffmat	12.685 -0.511 1.664 6.461 -0.821 1.302 2.317 0.835 5.165
	stiffmat	35.418 -6.549 1.998 14.312 0.194 6.076 4.295 -1.548 21.221
	stiffmat	98.631 7.739 14.884 7.739 42.425 5.788 14.884 5.788 59.56
	stiffmat	27.536 -2.65 3.449 14.947 -0.028 4.005 2.567 3.583 20.765
	stiffmat	11.499 -0.555 4.202 5.098 -0.789 -0.12 4.263 2.462 8.323
	vec			-2.135 2.444 34.779

aaaggg
	stiffmat	12.484 -0.551 1.695 6.407 -0.83 1.332 2.439 0.816 5.07
	stiffmat	34.98 -6.647 2.177 14.183 0.188 6.048 4.453 -1.615 20.812
	stiffmat	97.607 7.593 15.182 7.593 42.439 5.499 15.182 5.499 59.445
	stiffmat	25.81 -3.022 3.405 14.918 0.006 3.505 3.412 3.823 19.084
	stiffmat	8.276 1.778 5.074 5.545 -1.295 -0.519 6.088 0.014 4.208
	vec			-2.217 2.646 34.225

aaaggt
	stiffmat	12.727 -0.539 1.696 6.443 -0.83 1.354 2.306 0.783 5.165
	stiffmat	35.368 -6.609 2.17 14.169 0.106 6.092 3.926 -1.845 21.236
	stiffmat	97.881 7.251 15.134 7.251 42.085 5.681 15.134 5.681 59.278
	stiffmat	26.103 -2.663 4.003 14.024 -0.082 3.815 2.284 3.324 19.794
	stiffmat	10.673 -1.04 3.223 4.583 -1.784 -0.816 5.407 1.12 8.105
	vec			-2.104 1.984 34.904

aaagta
	stiffmat	12.75 -0.59 1.674 6.204 -0.861 1.322 1.775 1.164 6.0
	stiffmat	34.611 -6.653 2.552 13.48 0.165 6.15 2.734 -1.462 21.477
	stiffmat	94.042 6.632 14.107 6.632 42.162 4.541 14.107 4.541 61.746
	stiffmat	30.057 -6.102 -5.467 15.878 0.948 1.785 10.104 7.8 18.962
	stiffmat	8.271 -2.798 -0.818 4.407 -2.054 -0.988 3.028 2.292 6.856
	vec			-2.839 2.94 37.018

aaagtc
	stiffmat	12.967 -0.503 1.773 6.347 -0.823 1.396 1.998 1.173 5.849
	stiffmat	35.13 -6.434 2.807 13.73 0.234 6.263 2.762 -1.482 21.171
	stiffmat	95.386 7.094 14.654 7.094 42.24 4.593 14.654 4.593 59.837
	stiffmat	31.808 -5.18 -3.959 16.218 1.131 2.436 9.67 7.018 19.384
	stiffmat	12.578 -4.828 0.05 6.017 -2.57 -1.083 2.9 0.495 5.595
	vec			-2.512 2.94 36.917

aaagtg
	stiffmat	12.865 -0.549 1.761 6.237 -0.831 1.385 1.928 1.172 5.929
	stiffmat	34.781 -6.518 2.815 13.572 0.231 6.27 2.833 -1.547 21.144
	stiffmat	94.49 6.964 14.704 6.964 42.238 4.558 14.704 4.558 60.97
	stiffmat	30.922 -5.28 -4.19 16.213 1.295 2.243 10.001 8.0 19.647
	stiffmat	9.28 -3.343 2.242 5.245 -2.165 0.294 3.454 2.484 8.017
	vec			-2.745 2.955 36.966

aaagtt
	stiffmat	12.845 -0.541 1.804 6.243 -0.833 1.393 1.905 1.167 5.791
	stiffmat	34.805 -6.494 2.92 13.596 0.213 6.276 2.729 -1.529 21.141
	stiffmat	94.683 6.956 14.925 6.956 42.177 4.557 14.925 4.557 59.861
	stiffmat	30.728 -5.062 -3.993 15.946 1.182 2.278 9.604 7.004 19.358
	stiffmat	12.509 -4.774 0.708 6.417 -3.127 -1.232 3.839 -0.199 5.029
	vec			-2.404 2.851 36.716

aaataa
	stiffmat	13.111 -2.63 -5.579 6.364 -1.639 -0.779 3.506 1.032 8.182
	stiffmat	34.472 -8.427 -10.177 13.017 1.342 6.414 10.482 7.254 17.854
	stiffmat	116.609 0.091 -3.096 0.091 61.591 21.768 -3.096 21.768 102.719
	stiffmat	26.608 -12.196 -10.896 9.79 2.085 5.24 -2.532 10.146 26.633
	stiffmat	9.416 -3.09 -5.111 4.284 -0.568 2.07 3.621 3.68 13.325
	vec			0.608 -1.991 32.719

aaatac
	stiffmat	13.19 -2.616 -5.55 6.284 -1.625 -0.771 3.415 1.02 8.03
	stiffmat	34.612 -8.363 -10.077 13.049 1.366 6.49 10.683 7.269 17.757
	stiffmat	116.356 0.181 -2.249 0.181 61.615 21.892 -2.249 21.892 102.798
	stiffmat	26.429 -11.943 -9.95 10.103 2.343 5.658 -0.536 9.799 27.817
	stiffmat	9.069 -1.987 -4.196 4.676 -0.516 2.33 4.133 3.537 16.796
	vec			0.558 -1.783 32.703

aaatag
	stiffmat	13.143 -2.64 -5.6 6.379 -1.642 -0.784 3.574 0.959 7.984
	stiffmat	34.557 -8.454 -10.232 13.053 1.313 6.344 10.608 7.126 17.488
	stiffmat	116.574 0.173 -2.762 0.173 61.502 21.491 -2.762 21.491 101.785
	stiffmat	26.496 -12.297 -10.61 9.851 2.122 5.064 -2.69 9.717 25.882
	stiffmat	9.495 -1.956 -3.611 3.838 -0.345 2.744 1.688 3.653 13.641
	vec			0.551 -1.937 32.745

aaatat
	stiffmat	13.633 -2.626 -5.472 6.528 -1.639 -0.754 3.451 1.048 8.205
	stiffmat	35.761 -8.406 -9.946 13.281 1.357 6.567 11.044 7.305 18.048
	stiffmat	118.317 -0.066 -2.376 -0.066 61.644 22.12 -2.376 22.12 103.24
	stiffmat	28.709 -12.698 -14.148 9.858 2.417 5.881 -1.107 9.39 28.056
	stiffmat	7.611 -5.295 -4.251 5.017 -0.768 1.24 4.051 1.585 17.931
	vec			0.601 -1.644 32.329

aaatca
	stiffmat	14.994 -2.764 -4.765 6.965 -1.68 -0.389 3.822 0.748 7.741
	stiffmat	38.174 -8.767 -7.561 13.816 1.201 6.977 11.54 6.551 19.086
	stiffmat	121.182 -0.246 0.944 -0.246 62.042 21.435 0.944 21.435 105.061
	stiffmat	36.58 -13.066 -9.921 10.394 1.968 7.657 4.305 5.384 25.267
	stiffmat	11.718 -7.275 -6.447 2.238 -0.829 1.441 3.35 4.678 14.397
	vec			-0.026 -2.404 33.513

aaatcc
	stiffmat	14.951 -2.719 -4.649 6.965 -1.659 -0.333 3.948 0.652 7.334
	stiffmat	38.196 -8.641 -7.244 13.918 1.204 6.964 12.03 6.411 18.406
	stiffmat	121.174 0.114 2.168 0.114 61.917 21.006 2.168 21.006 102.835
	stiffmat	37.073 -12.731 -8.732 10.322 1.567 7.023 4.154 3.633 23.365
	stiffmat	14.187 -6.897 -4.493 1.942 -1.27 0.327 0.252 1.811 9.505
	vec			0.488 -2.072 32.819

aaatcg
	stiffmat	15.011 -2.743 -4.695 6.98 -1.666 -0.338 3.937 0.773 7.687
	stiffmat	38.193 -8.684 -7.313 13.838 1.238 7.08 11.733 6.639 19.14
	stiffmat	121.06 -0.165 1.375 -0.165 62.115 21.621 1.375 21.621 105.2
	stiffmat	36.676 -12.917 -9.738 10.485 1.979 7.706 4.758 5.48 25.545
	stiffmat	12.378 -6.693 -5.449 2.617 -0.792 1.461 4.3 3.966 13.824
	vec			-0.135 -2.338 33.66

aaatct
	stiffmat	14.856 -2.692 -4.457 6.987 -1.661 -0.279 4.212 0.653 7.431
	stiffmat	38.029 -8.632 -6.954 13.871 1.195 7.045 12.157 6.409 18.506
	stiffmat	120.483 0.062 2.505 0.062 61.91 21.075 2.505 21.075 102.971
	stiffmat	36.406 -12.243 -8.717 10.475 1.835 6.674 4.894 4.032 22.642
	stiffmat	14.339 -6.568 -5.263 2.065 -2.274 0.524 0.307 -1.245 11.031
	vec			0.433 -2.048 33.02

aaatga
	stiffmat	14.219 -2.5 -4.645 6.774 -1.594 -0.393 4.13 1.013 8.79
	stiffmat	36.984 -8.147 -7.624 13.828 1.336 7.128 12.133 7.053 20.107
	stiffmat	120.526 0.17 0.054 0.17 61.291 21.279 0.054 21.279 106.666
	stiffmat	29.263 -13.368 -7.542 9.378 1.993 5.407 0.974 9.468 25.213
	stiffmat	9.901 -2.209 -0.82 3.564 -0.643 1.496 7.747 0.771 11.697
	vec			0.388 -2.24 32.8

aaatgc
	stiffmat	14.252 -2.444 -4.534 6.789 -1.568 -0.337 4.186 0.982 8.679
	stiffmat	37.077 -8.023 -7.452 13.917 1.372 7.206 12.345 7.043 19.853
	stiffmat	120.607 0.447 1.017 0.447 61.32 21.3 1.017 21.3 105.751
	stiffmat	30.261 -12.339 -5.051 10.063 2.183 5.652 1.821 8.025 25.953
	stiffmat	11.539 -2.816 -0.783 3.109 0.03 1.883 4.104 2.68 13.737
	vec			0.622 -1.983 32.824

aaatgg
	stiffmat	14.165 -2.505 -4.655 6.832 -1.596 -0.365 4.337 0.954 8.691
	stiffmat	36.85 -8.16 -7.669 13.814 1.318 7.085 12.262 6.904 19.632
	stiffmat	120.298 0.234 0.327 0.234 61.242 21.0 0.327 21.0 105.244
	stiffmat	29.368 -13.145 -6.978 9.506 2.112 5.529 -0.022 8.655 25.472
	stiffmat	9.102 -1.409 0.471 3.084 -0.066 1.82 4.773 1.906 11.119
	vec			0.482 -2.104 32.622

aaatgt
	stiffmat	14.263 -2.495 -4.582 6.79 -1.587 -0.345 4.121 0.97 8.683
	stiffmat	37.078 -8.111 -7.45 13.851 1.329 7.218 12.251 6.975 19.843
	stiffmat	120.397 0.152 0.751 0.152 61.224 21.327 0.751 21.327 105.727
	stiffmat	29.369 -13.112 -6.697 9.383 2.396 5.929 0.711 8.107 26.467
	stiffmat	9.834 -4.209 -0.979 4.248 -0.567 1.031 6.763 1.644 14.134
	vec			0.772 -2.009 32.522

aaatta
	stiffmat	14.566 -2.79 -4.502 6.917 -1.692 -0.382 3.978 0.578 7.909
	stiffmat	37.695 -8.811 -7.531 13.553 1.155 6.666 11.776 5.914 19.164
	stiffmat	120.836 -0.277 -0.941 -0.277 61.941 19.305 -0.941 19.305 107.936
	stiffmat	37.344 -14.871 -13.308 8.355 1.177 6.131 6.451 7.573 19.317
	stiffmat	10.262 -6.463 -6.298 2.376 -0.019 1.434 5.264 4.788 10.824
	vec			-0.275 -2.168 33.987

aaattc
	stiffmat	14.683 -2.722 -4.321 6.963 -1.662 -0.288 4.133 0.604 7.877
	stiffmat	37.972 -8.629 -7.021 13.723 1.226 6.832 12.118 6.006 19.286
	stiffmat	121.126 0.028 -0.029 0.028 62.026 19.443 -0.029 19.443 108.124
	stiffmat	38.453 -14.014 -11.766 8.813 1.174 6.349 7.592 7.199 19.868
	stiffmat	14.686 -6.542 -4.568 2.466 -0.928 0.731 3.149 1.029 7.443
	vec			-0.06 -2.08 33.783

aaattg
	stiffmat	14.578 -2.747 -4.376 6.927 -1.669 -0.302 4.082 0.592 7.932
	stiffmat	37.675 -8.687 -7.161 13.571 1.212 6.823 11.912 5.961 19.282
	stiffmat	120.691 -0.119 -0.481 -0.119 62.013 19.459 -0.481 19.459 108.314
	stiffmat	37.772 -14.287 -12.589 8.618 1.462 6.343 6.863 8.081 20.066
	stiffmat	11.316 -6.766 -3.557 2.711 0.104 2.327 4.849 4.933 12.561
	vec			-0.271 -2.148 33.978

aaattt
	stiffmat	14.499 -2.728 -4.281 6.898 -1.664 -0.274 4.1 0.579 7.879
	stiffmat	37.574 -8.644 -6.933 13.589 1.206 6.825 12.072 5.943 19.187
	stiffmat	120.497 0.002 0.012 0.002 61.956 19.268 0.012 19.268 107.659
	stiffmat	37.583 -13.575 -12.037 8.653 1.208 5.949 6.967 6.825 19.189
	stiffmat	14.559 -6.856 -4.019 2.745 -1.657 0.584 4.328 -0.269 7.863
	vec			0.021 -2.142 33.754

aacaaa
	stiffmat	9.074 -6.144 -4.508 4.395 -1.622 0.387 1.921 3.041 7.542
	stiffmat	31.347 -15.272 -12.14 8.523 3.03 5.72 0.843 5.718 25.027
	stiffmat	63.396 -1.874 0.083 -1.874 35.989 19.071 0.083 19.071 52.279
	stiffmat	29.92 -7.79 -1.651 9.06 3.201 10.488 0.8 4.8 28.399
	stiffmat	9.613 -1.545 -0.274 5.444 2.077 5.17 1.933 3.627 10.297
	vec			1.238 8.807 34.66

aacaac
	stiffmat	9.075 -6.084 -4.377 4.405 -1.616 0.376 1.923 2.987 7.451
	stiffmat	31.446 -15.125 -11.969 8.579 3.025 5.674 0.943 5.573 24.721
	stiffmat	63.707 -1.586 0.265 -1.586 35.872 18.705 0.265 18.705 51.435
	stiffmat	30.046 -7.745 -1.681 9.76 3.306 10.776 1.229 5.106 28.772
	stiffmat	11.092 -2.661 -2.187 7.225 1.013 5.907 3.056 3.129 13.177
	vec			1.348 8.707 34.657

aacaag
	stiffmat	9.074 -6.18 -4.561 4.347 -1.631 0.366 1.801 2.979 7.411
	stiffmat	31.364 -15.213 -12.044 8.499 2.994 5.662 0.733 5.534 24.743
	stiffmat	63.311 -1.947 0.019 -1.947 35.782 18.727 0.019 18.727 51.693
	stiffmat	29.823 -7.559 -1.527 8.95 3.156 10.376 0.501 4.691 28.139
	stiffmat	9.646 -1.338 0.999 5.194 1.97 5.628 0.741 3.071 9.764
	vec			1.122 8.274 34.451

aacaat
	stiffmat	9.046 -6.06 -4.302 4.401 -1.605 0.426 2.05 3.017 7.539
	stiffmat	31.395 -15.179 -12.108 8.642 3.041 5.669 1.018 5.688 25.155
	stiffmat	63.279 -1.553 0.7 -1.553 36.023 18.811 0.7 18.811 51.51
	stiffmat	29.833 -7.575 -1.041 9.497 3.345 10.682 0.562 4.824 30.255
	stiffmat	11.113 -2.565 -5.062 6.761 0.346 5.242 3.509 2.822 13.462
	vec			1.583 9.167 34.196

aacaca
	stiffmat	9.268 -6.111 -4.278 4.452 -1.555 0.52 2.349 2.958 7.756
	stiffmat	30.479 -14.374 -11.077 8.737 3.248 6.048 1.627 5.065 25.636
	stiffmat	61.313 -0.862 3.122 -0.862 36.359 19.358 3.122 19.358 53.693
	stiffmat	30.279 -5.535 0.288 12.492 1.45 10.136 2.092 3.545 27.995
	stiffmat	5.995 -5.424 -3.616 3.522 1.047 3.754 0.19 5.669 10.91
	vec			-0.985 7.543 37.069

aacacc
	stiffmat	9.308 -6.056 -4.123 4.455 -1.532 0.521 2.349 2.856 7.423
	stiffmat	30.674 -14.083 -10.552 8.822 3.213 5.905 1.786 4.757 24.786
	stiffmat	62.163 -0.329 3.843 -0.329 36.061 18.459 3.843 18.459 51.165
	stiffmat	31.152 -5.866 1.227 13.309 0.865 9.223 3.218 2.395 25.908
	stiffmat	8.405 -5.642 -2.82 2.795 -0.761 2.021 -2.937 2.651 7.769
	vec			-0.18 7.67 35.692

aacacg
	stiffmat	9.318 -6.129 -4.284 4.44 -1.542 0.518 2.377 2.967 7.693
	stiffmat	30.423 -14.336 -10.926 8.735 3.293 6.09 1.791 5.094 25.508
	stiffmat	61.462 -0.68 3.379 -0.68 36.578 19.508 3.379 19.508 53.609
	stiffmat	29.833 -5.842 0.013 12.694 1.468 10.317 2.448 3.638 28.528
	stiffmat	6.493 -5.039 -2.542 3.817 0.649 4.181 0.112 4.933 10.346
	vec			-1.106 7.492 37.436

aacact
	stiffmat	9.167 -6.032 -4.026 4.501 -1.543 0.544 2.543 2.882 7.515
	stiffmat	30.505 -14.143 -10.484 8.817 3.244 5.972 1.871 4.85 24.918
	stiffmat	61.586 -0.482 3.949 -0.482 36.317 18.893 3.949 18.893 51.675
	stiffmat	30.071 -5.908 1.486 12.915 1.132 9.0 2.713 2.783 25.665
	stiffmat	9.42 -5.323 -3.346 3.463 -2.055 2.675 -2.408 0.862 8.672
	vec			-0.12 8.091 35.835

aacaga
	stiffmat	8.978 -6.267 -4.681 4.358 -1.647 0.352 1.756 2.891 7.414
	stiffmat	31.194 -14.911 -11.663 8.486 3.106 5.785 0.517 5.431 24.776
	stiffmat	62.843 -1.543 0.512 -1.543 36.719 19.926 0.512 19.926 53.764
	stiffmat	28.965 -6.852 1.637 10.212 2.384 10.527 -0.102 4.054 27.999
	stiffmat	5.599 0.224 0.503 5.348 0.948 3.845 4.507 2.277 8.027
	vec			-0.206 7.001 35.847

aacagc
	stiffmat	8.958 -6.167 -4.406 4.365 -1.631 0.356 1.738 2.779 7.153
	stiffmat	31.472 -14.728 -11.48 8.585 3.058 5.589 0.415 5.197 24.294
	stiffmat	63.196 -1.089 1.116 -1.089 36.417 18.947 1.116 18.947 51.079
	stiffmat	30.783 -6.163 1.942 10.355 2.209 10.634 -1.855 3.068 27.788
	stiffmat	7.549 -1.622 -0.323 5.768 0.91 5.419 1.978 4.023 12.068
	vec			-0.012 7.22 35.512

aacagg
	stiffmat	8.888 -6.214 -4.519 4.345 -1.648 0.333 1.737 2.821 7.188
	stiffmat	31.131 -14.807 -11.337 8.517 3.036 5.616 0.559 5.221 24.191
	stiffmat	62.674 -1.42 0.969 -1.42 36.361 19.173 0.969 19.173 51.748
	stiffmat	29.508 -6.27 2.352 9.775 1.95 10.401 -1.558 2.769 27.028
	stiffmat	5.322 0.223 1.687 4.802 1.298 4.226 2.428 2.393 7.58
	vec			-0.015 6.903 34.988

aacagt
	stiffmat	8.799 -6.205 -4.377 4.296 -1.646 0.314 1.66 2.813 7.121
	stiffmat	31.321 -14.773 -11.459 8.562 3.063 5.569 0.245 5.185 24.263
	stiffmat	62.328 -1.347 1.271 -1.347 36.523 19.207 1.271 19.207 51.111
	stiffmat	29.29 -6.176 3.207 9.845 2.247 10.677 -2.178 2.965 27.259
	stiffmat	7.502 -1.558 -1.698 6.062 0.312 4.562 3.295 3.531 11.857
	vec			0.345 7.601 34.925

aacata
	stiffmat	9.599 -6.263 -5.046 4.472 -1.516 0.473 1.931 3.309 8.712
	stiffmat	30.465 -14.532 -12.048 8.222 3.388 6.514 0.62 4.866 26.856
	stiffmat	60.994 -2.285 -0.596 -2.285 35.692 20.122 -0.596 20.122 59.404
	stiffmat	27.273 -9.156 -3.429 11.844 2.954 7.593 5.323 7.057 26.123
	stiffmat	6.594 -3.704 -3.168 3.556 1.556 2.807 0.489 4.534 7.777
	vec			-1.268 8.097 38.802

aacatc
	stiffmat	9.706 -6.186 -4.967 4.531 -1.476 0.525 2.014 3.258 8.559
	stiffmat	30.947 -14.09 -11.432 8.476 3.503 6.58 0.779 4.661 26.327
	stiffmat	62.35 -1.381 0.375 -1.381 35.848 19.887 0.375 19.887 58.463
	stiffmat	29.837 -9.383 -0.878 13.461 2.575 7.695 6.703 6.442 25.53
	stiffmat	10.507 -4.822 -3.172 4.581 -0.776 1.773 0.917 1.447 5.883
	vec			-0.971 8.549 38.885

aacatg
	stiffmat	9.64 -6.255 -5.043 4.463 -1.488 0.493 1.927 3.334 8.685
	stiffmat	30.59 -14.339 -11.728 8.37 3.525 6.675 0.842 4.99 26.884
	stiffmat	61.681 -1.585 0.343 -1.585 36.222 20.683 0.343 20.683 59.897
	stiffmat	28.904 -8.949 -1.318 13.09 2.912 8.933 6.679 6.796 27.711
	stiffmat	7.866 -4.125 -1.208 4.264 1.384 4.285 1.27 4.402 8.536
	vec			-1.258 8.166 38.812

aacatt
	stiffmat	9.566 -6.192 -4.939 4.528 -1.483 0.529 2.04 3.272 8.609
	stiffmat	30.794 -14.155 -11.422 8.446 3.506 6.631 0.822 4.751 26.457
	stiffmat	62.038 -1.443 0.534 -1.443 35.967 20.125 0.534 20.125 58.776
	stiffmat	29.355 -9.405 -0.786 13.028 2.405 8.01 6.398 5.93 26.349
	stiffmat	11.02 -4.797 -3.943 5.259 -1.078 1.447 2.176 1.314 4.911
	vec			-0.872 8.73 38.669

aaccaa
	stiffmat	11.222 -6.903 -3.588 4.671 -2.328 -0.096 -0.977 0.699 6.032
	stiffmat	32.331 -14.727 -9.521 6.866 2.273 7.223 0.566 1.972 23.442
	stiffmat	77.661 -1.781 -5.378 -1.781 40.985 11.618 -5.378 11.618 57.134
	stiffmat	29.11 -9.487 -3.477 4.812 2.143 4.651 -3.386 7.93 24.817
	stiffmat	7.928 -2.766 -0.933 0.593 0.893 2.316 -1.806 2.546 9.276
	vec			1.158 3.973 36.949

aaccac
	stiffmat	11.221 -6.88 -3.55 4.694 -2.338 -0.071 -0.971 0.674 6.01
	stiffmat	32.331 -14.68 -9.403 6.879 2.268 7.206 0.729 1.885 23.265
	stiffmat	77.283 -1.659 -5.045 -1.659 40.905 11.461 -5.045 11.461 56.786
	stiffmat	28.776 -8.634 -2.615 5.049 2.202 4.701 -2.761 7.552 24.788
	stiffmat	8.522 -2.971 -2.479 1.126 0.349 2.519 -1.62 2.275 11.06
	vec			1.512 4.475 36.93

aaccag
	stiffmat	11.267 -6.956 -3.675 4.619 -2.325 -0.103 -1.117 0.7 5.959
	stiffmat	32.328 -14.727 -9.506 6.82 2.259 7.181 0.413 1.857 23.133
	stiffmat	77.327 -1.871 -5.455 -1.871 40.888 11.385 -5.455 11.385 56.562
	stiffmat	28.976 -9.194 -3.291 4.626 2.058 4.421 -3.803 7.699 24.27
	stiffmat	7.535 -1.882 0.898 0.073 0.96 2.411 -3.339 2.249 8.969
	vec			1.293 4.111 37.006

aaccat
	stiffmat	11.207 -6.884 -3.57 4.64 -2.332 -0.084 -1.049 0.712 6.229
	stiffmat	32.347 -14.704 -9.673 6.885 2.286 7.287 0.686 2.017 23.831
	stiffmat	77.252 -1.775 -4.811 -1.775 40.959 11.766 -4.811 11.766 57.569
	stiffmat	28.775 -8.355 -2.281 4.854 2.411 5.128 -3.647 7.651 26.615
	stiffmat	9.22 -2.891 -5.156 1.196 -0.002 1.907 -0.737 2.094 11.271
	vec			1.72 4.478 36.07

aaccca
	stiffmat	11.554 -6.81 -3.453 4.681 -2.326 -0.254 -0.958 0.426 5.198
	stiffmat	32.616 -14.1 -8.39 6.821 2.171 6.965 0.797 0.778 22.041
	stiffmat	78.648 -2.043 -5.366 -2.043 40.322 10.65 -5.366 10.65 55.686
	stiffmat	28.801 -10.749 -3.297 2.668 1.085 4.338 -4.782 5.434 21.357
	stiffmat	5.86 -5.188 -6.123 -1.088 0.697 1.605 -3.055 3.661 8.343
	vec			-0.848 4.525 36.52

aacccc
	stiffmat	11.546 -6.764 -3.321 4.657 -2.333 -0.243 -1.047 0.255 4.92
	stiffmat	32.661 -13.829 -7.792 6.821 2.111 6.852 0.731 0.303 21.074
	stiffmat	78.307 -2.039 -4.886 -2.039 40.023 10.029 -4.886 10.029 53.979
	stiffmat	28.786 -10.223 -2.751 2.31 0.762 3.489 -5.53 4.24 19.326
	stiffmat	7.996 -5.229 -5.571 -1.937 0.092 -0.332 -5.84 1.998 3.962
	vec			-0.052 4.349 35.995

aacccg
	stiffmat	11.539 -6.791 -3.404 4.695 -2.333 -0.236 -0.89 0.37 5.137
	stiffmat	32.547 -14.031 -8.209 6.829 2.169 6.973 0.921 0.7 21.914
	stiffmat	78.321 -2.0 -5.061 -2.0 40.296 10.625 -5.061 10.625 55.552
	stiffmat	28.443 -10.583 -3.023 2.636 1.112 4.297 -4.535 5.419 21.245
	stiffmat	5.628 -4.825 -5.097 -0.731 0.628 1.467 -2.39 3.315 7.467
	vec			-0.766 4.727 36.802

aaccct
	stiffmat	11.458 -6.742 -3.267 4.651 -2.347 -0.238 -1.011 0.146 4.74
	stiffmat	32.567 -13.709 -7.52 6.797 2.082 6.821 0.662 0.085 20.696
	stiffmat	77.807 -2.165 -4.898 -2.165 39.902 9.845 -4.898 9.845 53.637
	stiffmat	27.733 -10.112 -2.958 2.208 0.914 3.083 -5.556 4.461 18.816
	stiffmat	8.545 -5.627 -5.973 -1.855 -1.196 0.195 -5.28 -0.19 4.692
	vec			-0.283 4.479 36.008

aaccga
	stiffmat	11.296 -6.786 -3.55 4.604 -2.269 -0.103 -1.121 0.734 6.012
	stiffmat	31.756 -14.523 -9.236 6.787 2.304 7.288 0.967 2.1 23.591
	stiffmat	77.514 -1.324 -5.508 -1.324 41.2 11.553 -5.508 11.553 57.829
	stiffmat	29.291 -9.324 -2.784 5.292 1.625 4.342 -3.102 7.43 23.096
	stiffmat	4.517 -1.336 -0.941 1.318 0.408 1.764 1.722 1.029 8.221
	vec			0.086 3.871 37.069

aaccgc
	stiffmat	11.4 -6.8 -3.474 4.584 -2.269 -0.048 -1.194 0.698 5.913
	stiffmat	31.863 -14.436 -8.988 6.801 2.309 7.248 1.035 2.012 23.343
	stiffmat	77.228 -1.228 -4.82 -1.228 41.126 11.452 -4.82 11.452 57.014
	stiffmat	30.794 -7.853 -1.956 5.598 1.881 4.369 -3.082 6.402 22.825
	stiffmat	6.376 -2.831 -2.154 1.325 0.559 1.994 -1.127 2.544 9.646
	vec			1.197 4.6 36.694

aaccgg
	stiffmat	11.309 -6.802 -3.514 4.62 -2.286 -0.066 -1.049 0.695 5.994
	stiffmat	31.711 -14.47 -9.039 6.783 2.299 7.267 1.047 1.986 23.336
	stiffmat	77.204 -1.285 -5.061 -1.285 41.107 11.389 -5.061 11.389 57.073
	stiffmat	30.075 -8.589 -2.173 5.147 1.755 4.28 -4.176 6.978 22.966
	stiffmat	4.531 -0.935 0.314 0.978 0.673 1.585 -0.221 1.621 7.372
	vec			0.69 4.192 36.809

aaccgt
	stiffmat	11.271 -6.78 -3.418 4.602 -2.292 -0.057 -1.098 0.654 5.972
	stiffmat	31.824 -14.415 -8.984 6.821 2.299 7.264 1.024 1.947 23.413
	stiffmat	76.999 -1.41 -4.814 -1.41 41.038 11.491 -4.814 11.491 57.114
	stiffmat	29.354 -7.932 -1.288 5.082 2.038 4.725 -4.023 6.697 23.755
	stiffmat	7.114 -2.982 -3.765 1.64 0.226 1.556 0.693 2.031 10.017
	vec			1.166 4.766 35.773

aaccta
	stiffmat	11.513 -6.725 -3.393 4.586 -2.259 -0.385 -1.159 0.509 4.299
	stiffmat	31.488 -13.923 -8.04 6.416 2.194 6.643 0.856 0.869 21.172
	stiffmat	77.611 -1.107 -7.14 -1.107 40.571 10.289 -7.14 10.289 55.103
	stiffmat	25.832 -14.84 -2.804 2.399 0.183 3.787 -4.63 4.609 20.759
	stiffmat	4.29 -4.527 -4.013 -0.282 1.166 1.71 -1.962 3.896 6.907
	vec			-1.852 4.522 37.073

aacctc
	stiffmat	11.611 -6.672 -3.279 4.581 -2.235 -0.339 -1.151 0.479 4.159
	stiffmat	31.521 -13.79 -7.668 6.473 2.199 6.617 0.942 0.838 20.924
	stiffmat	77.866 -0.895 -6.674 -0.895 40.555 10.121 -6.674 10.121 54.537
	stiffmat	26.887 -14.343 -2.452 2.711 -0.015 3.553 -4.04 4.182 20.336
	stiffmat	7.679 -4.89 -3.266 -1.032 0.084 0.78 -3.614 1.713 4.313
	vec			-1.375 4.523 37.386

aacctg
	stiffmat	11.523 -6.693 -3.317 4.566 -2.255 -0.372 -1.163 0.474 4.184
	stiffmat	31.428 -13.812 -7.784 6.439 2.206 6.669 0.892 0.779 20.961
	stiffmat	77.606 -0.995 -6.792 -0.995 40.551 10.255 -6.792 10.255 54.983
	stiffmat	26.414 -14.379 -2.478 2.612 0.389 3.733 -4.172 4.936 20.681
	stiffmat	5.329 -4.668 -2.174 -0.135 1.218 2.206 -1.58 4.05 7.151
	vec			-1.8 4.594 37.224

aacctt
	stiffmat	11.445 -6.646 -3.203 4.558 -2.245 -0.346 -1.139 0.449 4.115
	stiffmat	31.326 -13.75 -7.525 6.441 2.186 6.613 0.911 0.756 20.732
	stiffmat	77.474 -0.95 -6.622 -0.95 40.524 10.046 -6.622 10.046 54.323
	stiffmat	26.129 -14.082 -2.438 2.631 -0.061 3.313 -4.227 3.867 19.924
	stiffmat	8.005 -5.171 -3.118 -0.606 -0.335 1.216 -2.317 1.064 4.139
	vec			-1.56 4.352 36.805

aacgaa
	stiffmat	9.599 -5.821 -3.611 4.582 -1.704 0.539 1.967 2.615 6.907
	stiffmat	30.102 -14.622 -11.566 7.278 2.129 5.309 -1.358 5.418 23.552
	stiffmat	60.124 1.04 -1.818 1.04 35.118 13.102 -1.818 13.102 46.297
	stiffmat	33.228 -7.106 -0.973 9.491 3.317 4.34 4.403 5.501 26.213
	stiffmat	10.501 -1.79 0.743 5.453 1.239 4.171 4.17 3.081 11.03
	vec			2.903 6.662 35.569

aacgac
	stiffmat	9.63 -5.759 -3.471 4.63 -1.707 0.546 2.086 2.555 6.823
	stiffmat	30.3 -14.449 -11.314 7.403 2.133 5.298 -1.236 5.335 23.446
	stiffmat	60.221 1.449 -1.123 1.449 35.011 12.803 -1.123 12.803 45.619
	stiffmat	33.57 -6.572 -0.555 10.002 3.394 4.394 5.299 5.67 26.477
	stiffmat	11.898 -2.593 -1.149 7.068 0.38 4.859 5.112 3.058 14.268
	vec			3.716 6.752 35.652

aacgag
	stiffmat	9.598 -5.838 -3.634 4.585 -1.716 0.54 1.978 2.538 6.76
	stiffmat	30.164 -14.53 -11.384 7.302 2.105 5.27 -1.429 5.219 23.215
	stiffmat	60.017 1.055 -1.679 1.055 34.924 12.763 -1.679 12.763 45.63
	stiffmat	33.256 -6.842 -0.798 9.349 3.279 4.129 4.267 5.448 25.723
	stiffmat	10.316 -1.164 2.195 5.245 1.193 4.616 2.852 2.846 10.964
	vec			3.282 6.479 35.493

aacgat
	stiffmat	9.611 -5.742 -3.462 4.617 -1.69 0.585 2.117 2.6 6.903
	stiffmat	30.295 -14.518 -11.525 7.427 2.145 5.295 -1.362 5.512 23.99
	stiffmat	59.567 1.453 -0.642 1.453 35.072 12.89 -0.642 12.89 45.667
	stiffmat	33.453 -6.491 -0.307 9.622 3.454 4.391 4.494 5.698 27.212
	stiffmat	12.203 -2.458 -4.414 6.645 -0.587 4.329 5.433 1.863 14.998
	vec			3.565 7.182 35.635

aacgca
	stiffmat	10.132 -5.713 -2.885 4.856 -1.56 0.704 2.636 2.696 7.066
	stiffmat	31.475 -13.156 -9.802 7.983 2.673 5.668 -1.052 3.709 24.452
	stiffmat	60.747 1.129 3.051 1.129 34.742 12.703 3.051 12.703 46.413
	stiffmat	31.619 -4.477 2.953 10.412 1.631 6.521 1.647 5.249 25.496
	stiffmat	5.718 -4.628 -3.455 3.857 1.004 4.899 2.308 6.051 13.669
	vec			-1.181 6.874 38.135

aacgcc
	stiffmat	10.069 -5.626 -2.66 4.913 -1.551 0.753 2.835 2.571 6.712
	stiffmat	31.586 -12.957 -9.377 8.095 2.626 5.493 -1.003 3.533 23.918
	stiffmat	60.495 1.742 4.495 1.742 34.532 11.813 4.495 11.813 43.331
	stiffmat	32.251 -4.068 4.116 11.393 1.134 5.61 3.277 4.084 22.707
	stiffmat	7.849 -5.259 -3.4 3.048 -0.643 3.223 -1.323 2.825 10.495
	vec			0.035 6.761 36.749

aacgcg
	stiffmat	10.045 -5.67 -2.827 4.922 -1.565 0.758 2.86 2.666 7.014
	stiffmat	31.334 -13.048 -9.535 8.015 2.708 5.725 -0.828 3.709 24.38
	stiffmat	60.365 1.392 3.731 1.392 34.868 12.778 3.731 12.778 46.082
	stiffmat	31.284 -4.433 3.247 10.663 1.592 6.584 2.034 5.123 25.502
	stiffmat	5.529 -4.414 -2.654 4.684 0.66 5.18 3.039 5.27 13.268
	vec			-0.748 6.94 38.271

aacgct
	stiffmat	9.931 -5.652 -2.698 4.858 -1.553 0.755 2.759 2.614 6.741
	stiffmat	31.406 -13.005 -9.379 8.032 2.665 5.59 -1.205 3.615 24.082
	stiffmat	59.75 1.486 4.423 1.486 34.741 12.305 4.423 12.305 44.169
	stiffmat	30.799 -4.046 4.032 11.291 1.347 5.518 3.575 4.428 22.747
	stiffmat	8.654 -5.587 -3.881 3.353 -2.002 3.995 -1.015 0.942 11.772
	vec			-0.132 7.011 37.021

aacgga
	stiffmat	9.494 -5.918 -3.39 4.619 -1.647 0.622 2.105 2.723 6.938
